0 0.11328125 0.49255952 0.11328125 0.51041667 0.12597656 0.52083333 0.13378906 0.51636905 0.14355469 0.52380952 0.14453125 0.51785714 0.15332031 0.52678571 0.16503906 0.51934524 0.17089844 0.52678571 0.18066406 0.52678571 0.19921875 0.52232143 0.20507812 0.51636905 0.21289062 0.52232143 0.21972656 0.51636905 0.23339844 0.60416667 0.23632812 0.61755952 0.24316406 0.62797619 0.31347656 0.64583333 0.32324219 0.63839286 0.38378906 0.62946429 0.44921875 0.62946429 0.46289062 0.63690476 0.47851562 0.63839286 0.48828125 0.63392857 0.49121094 0.6235119 0.4921875 0.63392857 0.50292969 0.64285714 0.5546875 0.62946429 0.56445312 0.60565476 0.57324219 0.53869048 0.58105469 0.51636905 0.59179688 0.53720238 0.58886719 0.53125 0.59472656 0.5297619 0.59570312 0.53571429 0.59765625 0.52529762 0.60546875 0.52678571 0.60839844 0.53571429 0.60742188 0.5297619 0.61230469 0.52529762 0.62011719 0.53125 0.61816406 0.52083333 0.63085938 0.53125 0.625 0.52083333 0.63378906 0.51934524 0.63671875 0.51190476 0.64160156 0.51488095 0.63671875 0.5297619 0.640625 0.52529762 0.64746094 0.53125 0.66699219 0.52232143 0.6640625 0.51785714 0.66796875 0.51190476 0.67480469 0.51339286 0.68164062 0.50446429 0.68164062 0.48809524 0.68554688 0.48660714 0.68066406 0.48660714 0.68066406 0.48065476 0.68554688 0.47619048 0.68945312 0.44940476 0.6875 0.44494048 0.67773438 0.44494048 0.66503906 0.45535714 0.6171875 0.46279762 0.30273438 0.46428571 0.171875 0.45982143 0.13378906 0.45238095 0.11621094 0.44196429 0.109375 0.44494048 0.10839844 0.47321429 0.11328125 0.49255952
5 0.50390625 0.67410714 0.51171875 0.72172619 0.57421875 0.72172619 0.58496094 0.74107143 0.66113281 0.74107143 0.67871094 0.73660714 0.67675781 0.73363095 0.68554688 0.72470238 0.68359375 0.69196429 0.68945312 0.67708333 0.6875 0.67113095 0.66796875 0.67113095 0.66503906 0.67559524 0.62597656 0.67113095 0.62304688 0.67857143 0.61230469 0.67708333 0.61132812 0.67113095 0.59863281 0.66964286 0.59863281 0.66369048 0.59472656 0.66071429 0.59863281 0.6577381 0.59765625 0.65029762 0.61035156 0.64285714 0.60546875 0.64285714 0.60253906 0.63690476 0.60449219 0.64434524 0.59960938 0.64732143 0.59570312 0.63541667 0.58789062 0.63392857 0.53222656 0.63541667 0.50292969 0.64880952 0.4921875 0.66517857 0.50390625 0.67410714
5 0.10058594 0.73511905 0.15722656 0.74107143 0.25976562 0.73958333 0.29199219 0.73363095 0.32421875 0.73809524 0.33984375 0.7202381 0.4296875 0.7202381 0.42578125 0.68005952 0.43359375 0.64583333 0.44433594 0.63839286 0.44140625 0.63541667 0.43554688 0.64285714 0.43554688 0.63541667 0.42871094 0.63244048 0.36132812 0.63392857 0.30566406 0.6547619 0.30371094 0.64583333 0.28320312 0.63690476 0.25585938 0.63244048 0.20996094 0.63392857 0.12792969 0.64732143 0.09375 0.66815476 0.09082031 0.68154762 0.10058594 0.73511905
4 0.04296875 0.61458333 0.06835938 0.73660714 0.07324219 0.75 0.08496094 0.76190476 0.10253906 0.76041667 0.10351562 0.74404762 0.10742188 0.74107143 0.09667969 0.73363095 0.08886719 0.67857143 0.09570312 0.66220238 0.12304688 0.64732143 0.12304688 0.58630952 0.11914062 0.57886905 0.10742188 0.57886905 0.05859375 0.58184524 0.046875 0.58928571 0.04296875 0.5952381 0.04296875 0.61458333
2 0.68457031 0.72470238 0.68847656 0.72767857 0.6953125 0.72172619 0.70507812 0.72172619 0.70703125 0.71577381 0.70703125 0.70238095 0.70410156 0.69940476 0.68554688 0.70833333 0.6875 0.71279762 0.68457031 0.72470238
2 0.67480469 0.63244048 0.6796875 0.63541667 0.68261719 0.6264881 0.68652344 0.6264881 0.68847656 0.64583333 0.6953125 0.63690476 0.69726562 0.63988095 0.69335938 0.65327381 0.68554688 0.6547619 0.69238281 0.67708333 0.70605469 0.6860119 0.71484375 0.67857143 0.72753906 0.60565476 0.72265625 0.58779762 0.67480469 0.57886905 0.66894531 0.61458333 0.66992188 0.63690476 0.67480469 0.63244048
1 0.59570312 0.76636905 0.66210938 0.76785714 0.68847656 0.76190476 0.69238281 0.75892857 0.69140625 0.7485119 0.69726562 0.7514881 0.6953125 0.74702381 0.68554688 0.74702381 0.68359375 0.74107143 0.68652344 0.73660714 0.68164062 0.73214286 0.66601562 0.73660714 0.58886719 0.73660714 0.58105469 0.72767857 0.58496094 0.75595238 0.59570312 0.76636905
1 0.10449219 0.76934524 0.30078125 0.76785714 0.31542969 0.76041667 0.32421875 0.74107143 0.30078125 0.73809524 0.29589844 0.73363095 0.234375 0.74107143 0.11035156 0.73958333 0.10742188 0.74404762 0.10546875 0.73958333 0.10351562 0.74107143 0.10839844 0.74702381 0.09765625 0.75595238 0.09277344 0.75595238 0.08691406 0.76190476 0.09863281 0.76339286 0.10449219 0.76934524
3 0.09960938 0.79761905 0.10546875 0.76785714 0.09863281 0.76636905 0.09667969 0.77083333 0.09570312 0.79613095 0.09960938 0.79761905
3 0.67480469 0.80059524 0.67773438 0.78571429 0.67578125 0.76785714 0.66699219 0.76785714 0.66894531 0.79613095 0.67480469 0.80059524
6 0.07421875 0.7485119 0.08105469 0.75 0.08105469 0.75744048 0.14355469 0.76339286 0.15820312 0.75744048 0.1640625 0.76190476 0.20703125 0.76488095 0.22265625 0.76041667 0.24023438 0.76339286 0.24414062 0.75892857 0.30859375 0.76041667 0.31738281 0.75446429 0.31640625 0.74702381 0.3203125 0.74702381 0.31640625 0.73958333 0.32421875 0.74107143 0.34277344 0.7202381 0.41308594 0.7202381 0.42089844 0.70386905 0.42617653 0.70789045 0.42773438 0.65922619 0.43847656 0.64136905 0.45996094 0.64434524 0.46679688 0.6547619 0.46875 0.66517857 0.47558594 0.67261905 0.47574219 0.67571429 0.47949219 0.67857143 0.484375 0.66964286 0.49023438 0.66815476 0.50488281 0.67261905 0.51367188 0.7202381 0.54589844 0.72470238 0.57714844 0.72172619 0.58496094 0.74404762 0.58496094 0.75446429 0.58984375 0.76041667 0.68457031 0.76041667 0.69628906 0.7514881 0.70214844 0.72172619 0.66503906 0.72172619 0.65722656 0.71428571 0.65039062 0.72172619 0.63964844 0.71428571 0.63671875 0.72172619 0.63476562 0.71279762 0.62597656 0.71279762 0.62402344 0.72172619 0.61132812 0.72172619 0.60253906 0.70238095 0.61523438 0.68154762 0.61230469 0.68303571 0.61425781 0.68154762 0.60253906 0.67261905 0.60644531 0.66517857 0.60351562 0.6547619 0.60546875 0.65029762 0.60058594 0.64880952 0.60253906 0.64285714 0.59863281 0.64583333 0.59570312 0.63690476 0.61523438 0.63244048 0.61914062 0.6264881 0.64355469 0.62797619 0.64746094 0.63839286 0.65429688 0.64434524 0.66015625 0.64285714 0.65722656 0.65178571 0.65234375 0.65029762 0.65429688 0.66220238 0.65722656 0.6547619 0.66113281 0.66517857 0.67773438 0.66517857 0.68164062 0.66964286 0.69921875 0.66964286 0.703125 0.66517857 0.71289062 0.67261905 0.71679688 0.65029762 0.71289062 0.65029762 0.7109375 0.63690476 0.70507812 0.63244048 0.70605469 0.6235119 0.70898438 0.61904762 0.71289062 0.625 0.71582031 0.61755952 0.71972656 0.62202381 0.71484375 0.61458333 0.72363281 0.60267857 0.72363281 0.5922619 0.71582031 0.58184524 0.70214844 0.58928571 0.70410156 0.58184524 0.67480469 0.58035714 0.67285156 0.57589286 0.68359375 0.52380952 0.68359375 0.51934524 0.67675781 0.51488095 0.68359375 0.51041667 0.68945312 0.48363095 0.68652344 0.48065476 0.68945312 0.47619048 0.68945312 0.44196429 0.68164062 0.44196429 0.65722656 0.45684524 0.62695312 0.46130952 0.31445312 0.46279762 0.16699219 0.45833333 0.14453125 0.45535714 0.109375 0.4389881 0.10546875 0.46279762 0.109375 0.49702381 0.11230469 0.51190476 0.11914062 0.51488095 0.11035156 0.52232143 0.11816406 0.55208333 0.11914062 0.56994048 0.12207031 0.57291667 0.12402344 0.59970238 0.12109375 0.59970238 0.12109375 0.59375 0.11230469 0.59821429 0.1171875 0.60863095 0.11132812 0.61160714 0.11132812 0.62202381 0.10644531 0.6235119 0.10449219 0.61904762 0.10449219 0.6235119 0.09863281 0.6235119 0.09277344 0.61755952 0.09214565 0.60894983 0.08984375 0.61011905 0.08691406 0.60119048 0.08886719 0.59821429 0.07421875 0.58333333 0.05371094 0.58482143 0.04492188 0.5952381 0.04492188 0.61904762 0.05175781 0.63988095 0.05664062 0.6860119 0.06738281 0.71279762 0.07128906 0.74255952 0.07421875 0.7485119
