5 0.14181439 0.46568202 0.12930136 0.46481321 0.12408759 0.46655083 0.12304484 0.47089487 0.11157456 0.47176368 0.10740355 0.50999131 0.11261731 0.51867941 0.28467153 0.53171156 0.30239833 0.53084275 0.32012513 0.5360556 0.41188738 0.54126846 0.45985401 0.54735013 0.52137643 0.54995656 0.59749739 0.55777585 0.637122 0.55777585 0.64129301 0.5621199 0.66736184 0.56125109 0.6725756 0.56038228 0.6725756 0.55603823 0.67987487 0.55603823 0.67674661 0.56038228 0.68613139 0.56298871 0.68613139 0.55690704 0.68925965 0.55516942 0.69343066 0.55690704 0.6903024 0.56385752 0.70698644 0.56559513 0.71324296 0.56385752 0.7080292 0.55690704 0.71949948 0.55516942 0.72262774 0.55690704 0.71949948 0.56385752 0.72262774 0.56559513 0.74869656 0.56733275 0.74869656 0.5621199 0.75495308 0.56125109 0.75599583 0.55864466 0.75495308 0.55516942 0.74973931 0.55777585 0.74973931 0.54300608 0.75182482 0.54126846 0.75495308 0.54387489 0.76016684 0.53431798 0.75599583 0.50651607 0.74765381 0.50217202 0.72888425 0.50390964 0.72158498 0.4995656 0.71637122 0.49435274 0.71637122 0.47697654 0.70907195 0.47610773 0.71220021 0.47958297 0.70907195 0.48392702 0.70177268 0.47523892 0.69760167 0.47784535 0.69447341 0.4735013 0.60583942 0.47089487 0.50260688 0.45873154 0.43899896 0.45612511 0.38998957 0.45786273 0.36600626 0.45264987 0.24817518 0.44743701 0.24608968 0.44743701 0.19812304 0.45264987 0.14181439 0.46568202
0 0.2721585 0.34491746 0.25860271 0.38140747 0.25026069 0.37706342 0.24296142 0.37706342 0.20855057 0.38227628 0.12200209 0.38922676 0.12513034 0.42919201 0.13451512 0.45786273 0.13764338 0.46046916 0.15015641 0.46046916 0.19812304 0.45004344 0.26903024 0.44396177 0.39520334 0.4552563 0.43274244 0.45351868 0.52450469 0.45873154 0.58081335 0.4639444 0.6016684 0.46828844 0.63295099 0.46655083 0.65589155 0.47002606 0.71949948 0.47176368 0.72262774 0.47697654 0.72262774 0.49695917 0.72992701 0.5004344 0.74244004 0.5004344 0.75391032 0.49869679 0.75808133 0.49435274 0.76120959 0.45873154 0.76955162 0.45004344 0.88738269 0.43006082 0.89885297 0.37619461 0.89363921 0.36924414 0.88216893 0.36316247 0.85818561 0.35968723 0.65589155 0.35534318 0.61313869 0.35186794 0.30448384 0.34144222 0.29788008 0.34144222 0.28467153 0.34144222 0.2721585 0.34491746
2 0.81334724 0.44917463 0.79979145 0.4465682 0.7831074 0.44917463 0.77163712 0.45178106 0.76433785 0.45786273 0.75912409 0.50738488 0.76225235 0.52476108 0.75599583 0.59774109 0.75912409 0.60121633 0.77789364 0.60382276 0.79562044 0.60208514 0.90302398 0.57428323 0.91345151 0.56907037 0.91657977 0.5534318 0.91866528 0.43961772 0.91136601 0.43353606 0.8915537 0.43266725 0.88842544 0.43266725 0.84462982 0.43874891 0.81334724 0.44917463
4 0.08029197 0.42484796 0.08133472 0.52910513 0.08342023 0.54387489 0.08967675 0.54735013 0.1084463 0.54561251 0.1084463 0.52041703 0.10323253 0.51172893 0.10531804 0.4735013 0.11261731 0.46741964 0.13242961 0.46046916 0.11887383 0.41442224 0.11678832 0.41442224 0.08550574 0.4196351 0.08029197 0.42484796
3 0.27528676 0.57341442 0.28154327 0.57515204 0.28571429 0.57428323 0.28675704 0.56298871 0.27945777 0.56038228 0.27841502 0.56038228 0.27528676 0.5621199 0.27528676 0.57341442
3 0.5286757 0.59774109 0.53910323 0.59600348 0.53701773 0.58123371 0.53180396 0.58123371 0.52554745 0.58210252 0.5286757 0.59774109
3 0.83524505 0.61946134 0.83837331 0.62206777 0.84671533 0.61946134 0.84462982 0.59165943 0.84358707 0.59165943 0.83524505 0.59513467 0.83524505 0.61946134
3 0.14702815 0.59600348 0.15015641 0.59774109 0.15849844 0.59600348 0.15745568 0.55082537 0.15015641 0.55082537 0.14702815 0.55690704 0.14702815 0.59600348
3 0.74139729 0.6516073 0.74139729 0.60121633 0.73722628 0.59947871 0.72992701 0.59947871 0.72992701 0.64986968 0.74139729 0.6516073
6 0 0.99913119 0.99895725 0.99913119 0.99895725 0 0.9937268 0 0 0 0 0.99913119
