2 0.74244004 0.45960035 0.73514077 0.47610773 0.73722628 0.59600348 0.74035454 0.60121633 0.7455683 0.59600348 0.74452555 0.48653345 0.75286757 0.46220678 0.83524505 0.45004344 0.84984359 0.44222415 0.84567258 0.43874891 0.84984359 0.43527368 0.84358707 0.43527368 0.75912409 0.44830582 0.74244004 0.45960035
5 0.86861314 0.47958297 0.86548488 0.48566464 0.8561001 0.48566464 0.84462982 0.47958297 0.81334724 0.47610773 0.79666319 0.48566464 0.75599583 0.48305821 0.74973931 0.48479583 0.74765381 0.56038228 0.74869656 0.58992181 0.75182482 0.59687228 0.76850886 0.59687228 0.81021898 0.58384014 0.82064651 0.58384014 0.88321168 0.56907037 0.91032325 0.55951347 0.91345151 0.4995656 0.91032325 0.4821894 0.89781022 0.47437011 0.89676747 0.47437011 0.89051095 0.47784535 0.86861314 0.47958297
5 0.0907195 0.45091225 0.08237748 0.46307559 0.08237748 0.51520417 0.08759124 0.53258036 0.10323253 0.53779322 0.15119917 0.54213727 0.15745568 0.54561251 0.16579771 0.54300608 0.21376434 0.55082537 0.2544317 0.55256299 0.2721585 0.55690704 0.3649635 0.56646394 0.39103233 0.5716768 0.67987487 0.60469157 0.70281543 0.60990443 0.70594369 0.60816681 0.71637122 0.61337967 0.71949948 0.60990443 0.72679875 0.61077324 0.73409802 0.60208514 0.72992701 0.48045178 0.66944734 0.47437011 0.63295099 0.4735013 0.60792492 0.46828844 0.6016684 0.46133797 0.59436913 0.46046916 0.5818561 0.46481321 0.55891554 0.46568202 0.43274244 0.45351868 0.41084463 0.45004344 0.40250261 0.44135534 0.37956204 0.44743701 0.35557873 0.44743701 0.22836288 0.43527368 0.22210636 0.43527368 0.11678832 0.44483058 0.0907195 0.45091225
0 0.78727842 0.48479583 0.89989572 0.47263249 0.90823775 0.46741964 0.91136601 0.44569939 0.90823775 0.4378801 0.90302398 0.43701129 0.79979145 0.45264987 0.75078206 0.4735013 0.75182482 0.4821894 0.78727842 0.48479583
3 0.70490094 0.63770634 0.70594369 0.64378801 0.71324296 0.64552563 0.71637122 0.64465682 0.71637122 0.62554301 0.71115746 0.61772372 0.70907195 0.61772372 0.70594369 0.61859253 0.70490094 0.63770634
2 0.74348279 0.6159861 0.73722628 0.62206777 0.73722628 0.64378801 0.74244004 0.64205039 0.74452555 0.63770634 0.7455683 0.62206777 0.74244004 0.61946134 0.74452555 0.6159861 0.74139729 0.607298 0.74139729 0.60556038 0.73931178 0.61337967 0.74348279 0.6159861
0 0.23566215 0.43440487 0.72158498 0.47871416 0.90719499 0.42397915 0.91449426 0.41442224 0.91553702 0.39878367 0.91032325 0.38662033 0.90302398 0.3840139 0.77893639 0.3657689 0.26173097 0.33275413 0.24713243 0.34057341 0.22523462 0.4196351 0.22627737 0.42919201 0.23566215 0.43440487
3 0.20959333 0.57949609 0.21063608 0.56038228 0.20646507 0.55256299 0.20229406 0.55256299 0.2012513 0.57688966 0.20959333 0.57949609
4 0.10531804 0.40052129 0.09697602 0.40747176 0.09176225 0.41702867 0.0907195 0.44569939 0.09697602 0.44569939 0.09906152 0.41615986 0.1084463 0.40573414 0.19812304 0.39704605 0.21376434 0.39183319 0.23149114 0.39096438 0.23357664 0.38488271 0.22732013 0.38488271 0.1261731 0.39357081 0.10531804 0.40052129
3 0.80291971 0.61164205 0.80604797 0.61337967 0.81334724 0.61077324 0.81126173 0.58731538 0.80917623 0.58731538 0.80291971 0.59079062 0.80291971 0.61164205
3 0.86444213 0.60990443 0.86965589 0.60990443 0.87278415 0.60642919 0.8717414 0.57341442 0.86652763 0.57341442 0.86235662 0.57602085 0.86444213 0.60990443
3 0.09697602 0.58123371 0.10010428 0.57862728 0.10010428 0.54039965 0.09593326 0.5360556 0.0907195 0.5360556 0.0907195 0.57862728 0.09697602 0.58123371
6 0 0.99913119 0.99895725 0.99913119 0.99895725 0 0.9937268 0 0 0 0 0.99913119
