5 0.13034411 0.47697654 0.11678832 0.4735013 0.10531804 0.47610773 0.09697602 0.48827107 0.09906152 0.54300608 0.10114703 0.54213727 0.10427529 0.54648132 0.12200209 0.54995656 0.20333681 0.55430061 0.47653806 0.57775847 0.48488008 0.57775847 0.48800834 0.57428323 0.49635036 0.57341442 0.49426486 0.57775847 0.50260688 0.5803649 0.55265902 0.58210252 0.5620438 0.58470895 0.77267987 0.60121633 0.8008342 0.60295395 0.80396246 0.60034752 0.80500521 0.53258036 0.8008342 0.5178106 0.79353493 0.51433536 0.77267987 0.51867941 0.76225235 0.5178106 0.75599583 0.51086012 0.74973931 0.49609036 0.75182482 0.4908775 0.74869656 0.48827107 0.66319082 0.48566464 0.62877998 0.49000869 0.6016684 0.48827107 0.59854015 0.4908775 0.59541189 0.48392702 0.57455683 0.48045178 0.48383733 0.47263249 0.44942649 0.47263249 0.38686131 0.47871416 0.3826903 0.47610773 0.37643379 0.47871416 0.36809176 0.47610773 0.36183525 0.48132059 0.34827946 0.48305821 0.3472367 0.47263249 0.35870699 0.47002606 0.3451512 0.46655083 0.32012513 0.46828844 0.31595412 0.46307559 0.30031283 0.46133797 0.24191867 0.45960035 0.24087591 0.45873154 0.17831074 0.46568202 0.13034411 0.47697654
0 0.65380605 0.39530843 0.65693431 0.39183319 0.66006257 0.39704605 0.65380605 0.4013901 0.64442127 0.43874891 0.64650678 0.44917463 0.64233577 0.45264987 0.64025026 0.4639444 0.64025026 0.48132059 0.64337852 0.48479583 0.68925965 0.48132059 0.72679875 0.48479583 0.74765381 0.48305821 0.75495308 0.48566464 0.75912409 0.47523892 0.76016684 0.48740226 0.7632951 0.4908775 0.76120959 0.49435274 0.75808133 0.4908775 0.76120959 0.49609036 0.75808133 0.5004344 0.76016684 0.51172893 0.7653806 0.51520417 0.77685089 0.51520417 0.77893639 0.51259774 0.79040667 0.51172893 0.79562044 0.50825369 0.79562044 0.50477845 0.79979145 0.50390964 0.79979145 0.49782798 0.79353493 0.49782798 0.79457769 0.48913988 0.79979145 0.48566464 0.8008342 0.46481321 0.80709072 0.44743701 0.81751825 0.44222415 0.81334724 0.43961772 0.81021898 0.44309296 0.80396246 0.43266725 0.80396246 0.4283232 0.80917623 0.42484796 0.80709072 0.42137272 0.81021898 0.4196351 0.81751825 0.42484796 0.8164755 0.42050391 0.82794578 0.42224153 0.85192909 0.4196351 0.85922836 0.4283232 0.8540146 0.43006082 0.85192909 0.42571677 0.85088634 0.43006082 0.84671533 0.43179844 0.84462982 0.44222415 0.85714286 0.44222415 0.86444213 0.43874891 0.86235662 0.43092963 0.86652763 0.43179844 0.86757039 0.43701129 0.87069864 0.43614248 0.87069864 0.4283232 0.86548488 0.42224153 0.86548488 0.39704605 0.86861314 0.39617724 0.86548488 0.38314509 0.85714286 0.38227628 0.8561001 0.38662033 0.84880083 0.38835795 0.83837331 0.38488271 0.83420229 0.38748914 0.83315954 0.38314509 0.85088634 0.37966985 0.77789364 0.37880104 0.77163712 0.38488271 0.76955162 0.38227628 0.77372263 0.37966985 0.77059437 0.37880104 0.76746611 0.38227628 0.7653806 0.37880104 0.7653806 0.38488271 0.75391032 0.3840139 0.75078206 0.38748914 0.74869656 0.3840139 0.74348279 0.38575152 0.73826903 0.37966985 0.74035454 0.37793223 0.74452555 0.38140747 0.74739796 0.3774187 0.70385819 0.3753258 0.69968717 0.37271937 0.66527633 0.37011295 0.66319082 0.37011295 0.65589155 0.37271937 0.65901981 0.38662033 0.6548488 0.38922676 0.65380605 0.39530843
0 0.25130344 0.36403128 0.23879041 0.39357081 0.23566215 0.41268462 0.23044838 0.41702867 0.22002086 0.39530843 0.20959333 0.38922676 0.15224192 0.39096438 0.11574557 0.38662033 0.1084463 0.39791486 0.1084463 0.41615986 0.11887383 0.47089487 0.12513034 0.47437011 0.13347237 0.47437011 0.18561001 0.46133797 0.23044838 0.45699392 0.26277372 0.45699392 0.32429614 0.46133797 0.40563087 0.47437011 0.41397289 0.46568202 0.42440042 0.42745439 0.43065693 0.42050391 0.42544317 0.46655083 0.43169969 0.47176368 0.54953076 0.47437011 0.55578728 0.47697654 0.58081335 0.47784535 0.62252346 0.48740226 0.62982273 0.48132059 0.64129301 0.38662033 0.64129301 0.37358818 0.63607925 0.36924414 0.46089677 0.36403128 0.45255474 0.3657689 0.44734098 0.37271937 0.44108446 0.39530843 0.43378519 0.40052129 0.43065693 0.39704605 0.4379562 0.36924414 0.43065693 0.36403128 0.36913452 0.36055604 0.3096976 0.36142485 0.274244 0.35794961 0.26903024 0.35794961 0.25860271 0.35794961 0.25130344 0.36403128
2 0.88738269 0.43527368 0.87799791 0.43961772 0.85192909 0.44569939 0.81751825 0.44569939 0.80604797 0.45699392 0.80291971 0.49000869 0.80917623 0.60556038 0.82273201 0.60556038 0.90406674 0.56038228 0.91136601 0.5534318 0.91553702 0.53084275 0.91762252 0.43874891 0.91136601 0.42571677 0.90198123 0.4196351 0.89989572 0.4196351 0.8915537 0.42224153 0.88738269 0.43527368
4 0.08133472 0.4196351 0.08446298 0.51867941 0.08967675 0.54648132 0.09384776 0.54995656 0.10218978 0.54995656 0.09593326 0.50217202 0.09697602 0.48392702 0.10427529 0.47523892 0.11574557 0.46915725 0.10636079 0.41007819 0.09384776 0.40834057 0.08863399 0.40834057 0.08446298 0.410947 0.08133472 0.4196351
3 0.50156413 0.59079062 0.50364964 0.58123371 0.49530761 0.5803649 0.49426486 0.57949609 0.49426486 0.58992181 0.50156413 0.59079062
3 0.86861314 0.59687228 0.87486966 0.59426586 0.87278415 0.5803649 0.8717414 0.5803649 0.86652763 0.58470895 0.86861314 0.59687228
3 0.26903024 0.58384014 0.27528676 0.57949609 0.2721585 0.56298871 0.26798749 0.56298871 0.26485923 0.57775847 0.26903024 0.58384014
3 0.1261731 0.58470895 0.13451512 0.58297133 0.13242961 0.55082537 0.1282586 0.55082537 0.12513034 0.55256299 0.1261731 0.58470895
3 0.7831074 0.63770634 0.78623566 0.64205039 0.79353493 0.64205039 0.79457769 0.607298 0.78727842 0.60382276 0.78623566 0.60295395 0.7831074 0.60469157 0.7831074 0.63770634
6 0 0.99913119 0.99895725 0.99913119 0.99895725 0 0.9937268 0 0 0 0 0.99913119
