0 0.2544317 0.35794961 0.24817518 0.38053866 0.24400417 0.38575152 0.19186653 0.38662033 0.11157456 0.39357081 0.10531804 0.4013901 0.10427529 0.40920938 0.11887383 0.46133797 0.1261731 0.46655083 0.13660063 0.46655083 0.17518248 0.45873154 0.22940563 0.4552563 0.26277372 0.45004344 0.39624609 0.45612511 0.41605839 0.45438749 0.51094891 0.46220678 0.59332638 0.46655083 0.6193952 0.46481321 0.63190824 0.46828844 0.69655892 0.47002606 0.7101147 0.47263249 0.71741397 0.50130321 0.72679875 0.50477845 0.73931178 0.50477845 0.74869656 0.50130321 0.75703858 0.44743701 0.76225235 0.43092963 0.76955162 0.42311034 0.78623566 0.41615986 0.8561001 0.40747176 0.86652763 0.40052129 0.86548488 0.37011295 0.86131387 0.36663771 0.85088634 0.36490009 0.77580813 0.36403128 0.65797706 0.35621199 0.64337852 0.35621199 0.63607925 0.35968723 0.62982273 0.3570808 0.54953076 0.3570808 0.45985401 0.35186794 0.43899896 0.35447437 0.42752868 0.35186794 0.37747654 0.35186794 0.37212096 0.35186794 0.25964546 0.35186794 0.2544317 0.35794961
2 0.86027112 0.40920938 0.79353493 0.41789748 0.77893639 0.42224153 0.77580813 0.42571677 0.77163712 0.42484796 0.7653806 0.43092963 0.75808133 0.45264987 0.75703858 0.47523892 0.76225235 0.47697654 0.75495308 0.47958297 0.75703858 0.48392702 0.75182482 0.50564726 0.75078206 0.53953084 0.74661105 0.54908775 0.74765381 0.55690704 0.75599583 0.56646394 0.75078206 0.57080799 0.75182482 0.58123371 0.76120959 0.58470895 0.79562044 0.58210252 0.82794578 0.57428323 0.83524505 0.56907037 0.84671533 0.56907037 0.91553702 0.54908775 0.91866528 0.52215465 0.91866528 0.41789748 0.91657977 0.40834057 0.91032325 0.40399652 0.90510949 0.40399652 0.87904067 0.40399652 0.86027112 0.40920938
3 0.08654849 0.5360556 0.12200209 0.54213727 0.12200209 0.58818419 0.12408759 0.59165943 0.12930136 0.59165943 0.13034411 0.5360556 0.10114703 0.53258036 0.09436913 0.53258036 0.08759124 0.53258036 0.08654849 0.5360556
4 0.08133472 0.40052129 0.08029197 0.49609036 0.08342023 0.52823632 0.1084463 0.52736751 0.11261731 0.52302346 0.11574557 0.52476108 0.11887383 0.51867941 0.11678832 0.50825369 0.10740355 0.49782798 0.1084463 0.47610773 0.12200209 0.46655083 0.11470282 0.4552563 0.10427529 0.41529105 0.10636079 0.40052129 0.11470282 0.39357081 0.11887383 0.39357081 0.11157456 0.392702 0.10636079 0.392702 0.08759124 0.39357081 0.08133472 0.40052129
3 0.29405631 0.56472632 0.30031283 0.56385752 0.30031283 0.54908775 0.29718457 0.54821894 0.29614181 0.54735013 0.2919708 0.54995656 0.29405631 0.56472632
5 0.1282586 0.47089487 0.11783107 0.47089487 0.1105318 0.47784535 0.10948905 0.49261512 0.11261731 0.50477845 0.11887383 0.50999131 0.12930136 0.51172893 0.55787278 0.54039965 0.69864442 0.5534318 0.73305527 0.55169418 0.74244004 0.54561251 0.74661105 0.53866203 0.74869656 0.50825369 0.72367049 0.50825369 0.71949948 0.50564726 0.70907195 0.49609036 0.70698644 0.48045178 0.70281543 0.47523892 0.69864442 0.47871416 0.69551616 0.47523892 0.6923879 0.47784535 0.68196038 0.47263249 0.50260688 0.46481321 0.47028154 0.45960035 0.28050052 0.45264987 0.27450469 0.45264987 0.17726799 0.46046916 0.1282586 0.47089487
3 0.85505735 0.58384014 0.85714286 0.60903562 0.86235662 0.60903562 0.86339937 0.60642919 0.86339937 0.57341442 0.86027112 0.57341442 0.8561001 0.57428323 0.85505735 0.58384014
3 0.455683 0.5986099 0.45985401 0.60382276 0.46611053 0.60295395 0.46819604 0.59513467 0.46506778 0.56038228 0.45881126 0.56038228 0.455683 0.56298871 0.455683 0.5986099
3 0.72367049 0.64900087 0.72992701 0.64639444 0.73305527 0.59165943 0.73305527 0.58818419 0.72679875 0.58470895 0.72158498 0.58470895 0.72054223 0.64726325 0.72367049 0.64900087
6 0 0.99913119 0.99895725 0.99913119 0.99895725 0 0.9937268 0 0 0 0 0.99913119
