5 0.7831074 0.47176368 0.73096976 0.46568202 0.71845673 0.47002606 0.71949948 0.58818419 0.72367049 0.59513467 0.77997914 0.58210252 0.79666319 0.57341442 0.8008342 0.57515204 0.82168926 0.57254561 0.84254432 0.56733275 0.8561001 0.56038228 0.87069864 0.56038228 0.90198123 0.5534318 0.90823775 0.53258036 0.91032325 0.48045178 0.90719499 0.46828844 0.8894682 0.46655083 0.87695516 0.47176368 0.85505735 0.47437011 0.84462982 0.47263249 0.8362878 0.46655083 0.82586027 0.46828844 0.81334724 0.4639444 0.80656934 0.4639444 0.79979145 0.4639444 0.7831074 0.47176368
5 0.08863399 0.43614248 0.08342023 0.44135534 0.08029197 0.45960035 0.08342023 0.50738488 0.11887383 0.51867941 0.13034411 0.5178106 0.14285714 0.52215465 0.17205422 0.52476108 0.1991658 0.53344917 0.20333681 0.53171156 0.21480709 0.5360556 0.23149114 0.53518679 0.25547445 0.53866203 0.27111575 0.54387489 0.33680918 0.55169418 0.35662148 0.55777585 0.37539103 0.55864466 0.39728884 0.5621199 0.4004171 0.56472632 0.40354536 0.56298871 0.40771637 0.56559513 0.46298227 0.57254561 0.48383733 0.57775847 0.48696559 0.57602085 0.50573514 0.58123371 0.57142857 0.58992181 0.57455683 0.59252824 0.59541189 0.59339705 0.61522419 0.59947871 0.62043796 0.59774109 0.63816475 0.60034752 0.6548488 0.60382276 0.65693431 0.60642919 0.67153285 0.60642919 0.67883212 0.60208514 0.67570386 0.59774109 0.67674661 0.55690704 0.67987487 0.54995656 0.67778936 0.51867941 0.68404588 0.50390964 0.6923879 0.4995656 0.69760167 0.50130321 0.69447341 0.49869679 0.69864442 0.48653345 0.69864442 0.46915725 0.69551616 0.46307559 0.6923879 0.46481321 0.6725756 0.45960035 0.59749739 0.45438749 0.57872784 0.44917463 0.55370177 0.45178106 0.55057351 0.44917463 0.52763295 0.44569939 0.41710115 0.4378801 0.40458811 0.42919201 0.36913452 0.43179844 0.24817518 0.42050391 0.24296142 0.42050391 0.11887383 0.4283232 0.08863399 0.43614248
0 0.26173097 0.33188532 0.24817518 0.41268462 0.25130344 0.41876629 0.26485923 0.42137272 0.33993743 0.4283232 0.38790407 0.42919201 0.40145985 0.41789748 0.39937435 0.41355343 0.40458811 0.39443962 0.40875912 0.39965248 0.40875912 0.40834057 0.40458811 0.41442224 0.40667362 0.42484796 0.40980188 0.43092963 0.4181439 0.43440487 0.55370177 0.44743701 0.56830031 0.44743701 0.58394161 0.44222415 0.58811262 0.44830582 0.6016684 0.45264987 0.69343066 0.45960035 0.69968717 0.45612511 0.69968717 0.44569939 0.7080292 0.43179844 0.7278415 0.42137272 0.72992701 0.41702867 0.7831074 0.41615986 0.79979145 0.41007819 0.80396246 0.410947 0.80396246 0.40573414 0.81960375 0.40052129 0.82064651 0.39357081 0.8164755 0.39530843 0.81021898 0.38835795 0.81021898 0.39357081 0.80604797 0.39791486 0.80500521 0.36142485 0.81021898 0.3570808 0.81021898 0.3483927 0.7987487 0.34057341 0.61001043 0.33188532 0.60375391 0.33622937 0.6016684 0.35186794 0.59854015 0.35534318 0.59228363 0.35447437 0.58811262 0.35013032 0.59019812 0.34491746 0.58706986 0.33101651 0.57247132 0.32754127 0.50782065 0.32927889 0.42231491 0.32667246 0.41710115 0.32927889 0.41501564 0.34231103 0.41084463 0.34491746 0.40667362 0.33883579 0.40667362 0.32927889 0.4004171 0.32667246 0.31595412 0.32667246 0.28050052 0.32406603 0.27111575 0.32406603 0.26485923 0.32580365 0.26173097 0.33188532
4 0.09697602 0.4283232 0.10010428 0.42224153 0.10010428 0.40052129 0.1084463 0.39009557 0.10740355 0.38662033 0.10427529 0.38662033 0.09489051 0.39965248 0.09697602 0.4283232
4 0.12095933 0.37966985 0.12095933 0.38575152 0.12721585 0.38748914 0.21167883 0.38227628 0.22627737 0.37706342 0.25130344 0.37706342 0.25130344 0.37271937 0.23044838 0.3753258 0.22106361 0.37271937 0.21480709 0.37271937 0.13034411 0.37706342 0.12095933 0.37966985
2 0.82064651 0.41181581 0.73722628 0.42137272 0.71637122 0.42919201 0.7101147 0.43527368 0.70072993 0.45699392 0.70594369 0.67419635 0.71428571 0.67506516 0.71637122 0.67245873 0.71428571 0.46568202 0.71637122 0.45178106 0.72158498 0.44222415 0.72992701 0.43701129 0.7455683 0.43701129 0.82481752 0.42658558 0.8362878 0.42224153 0.90093848 0.41615986 0.91553702 0.41268462 0.91762252 0.40747176 0.91449426 0.40573414 0.90510949 0.40573414 0.83837331 0.41355343 0.82064651 0.41181581
3 0.69968717 0.6159861 0.69864442 0.61164205 0.69551616 0.60903562 0.69447341 0.6159861 0.69968717 0.6159861
3 0.20229406 0.55690704 0.20959333 0.55777585 0.21063608 0.5360556 0.20542231 0.53431798 0.20333681 0.53431798 0.2012513 0.5534318 0.20229406 0.55690704
3 0.79353493 0.60295395 0.8008342 0.60295395 0.80291971 0.60034752 0.80291971 0.57775847 0.79666319 0.57775847 0.79249218 0.5803649 0.79353493 0.60295395
3 0.85505735 0.60208514 0.86235662 0.60208514 0.86444213 0.5986099 0.86235662 0.56298871 0.86131387 0.56298871 0.8540146 0.56646394 0.85505735 0.60208514
3 0.09801877 0.55690704 0.10427529 0.55690704 0.10427529 0.52215465 0.1084463 0.51867941 0.11470282 0.51867941 0.10427529 0.5178106 0.09801877 0.51433536 0.09593326 0.51433536 0.09593326 0.55430061 0.09801877 0.55690704
3 0.67466111 0.64118158 0.68196038 0.64378801 0.68613139 0.64118158 0.68613139 0.6246742 0.6903024 0.61511729 0.68196038 0.60990443 0.67674661 0.61164205 0.67570386 0.60903562 0.67049009 0.60903562 0.66631908 0.60903562 0.67466111 0.62033015 0.67466111 0.64118158
6 0 0.99913119 0.99895725 0.99913119 0.99895725 0 0.9937268 0 0 0 0 0.99913119
