6 0.20898438 0.81423611 0.20507812 0.80555556 0.203125 0.82465278 0.20595703 0.8296875 0.20800781 0.81770833 0.22135449 0.78645833 0.75488281 0.78819444 0.76953125 0.79513889 0.77246094 0.80902778 0.76757812 0.80902778 0.77539062 0.85069444 0.77734375 0.84722222 0.77246094 0.78993056 0.8046875 0.78472222 0.79980469 0.73263889 0.80175781 0.72569444 0.79785156 0.71875 0.80175781 0.69097222 0.80175781 0.63194444 0.796875 0.61979167 0.78320312 0.61458333 0.78320312 0.60763889 0.75097656 0.61284722 0.74707031 0.63541667 0.75 0.68055556 0.73535156 0.67708333 0.74121094 0.68402778 0.75292969 0.68402778 0.76074219 0.703125 0.75683594 0.70833333 0.76464844 0.71527778 0.76171875 0.72569444 0.75488281 0.72048611 0.734375 0.72395833 0.73046875 0.703125 0.73242188 0.71527778 0.72949219 0.71180556 0.72363281 0.72048611 0.71777344 0.71701389 0.71875 0.70833333 0.70996094 0.71875 0.7109375 0.70833333 0.70800781 0.71354167 0.70605469 0.70833333 0.70214844 0.71180556 0.70800781 0.71701389 0.70898438 0.72743056 0.70410156 0.73611111 0.60839844 0.734375 0.60644531 0.73090278 0.609375 0.72569444 0.59863281 0.71701389 0.6015625 0.71180556 0.59765625 0.71006944 0.59667969 0.65104167 0.59277344 0.640625 0.5859375 0.64756944 0.58105469 0.640625 0.578125 0.64930556 0.57275391 0.64930556 0.57519531 0.64409722 0.57324219 0.640625 0.56738281 0.64930556 0.55664062 0.63888889 0.55371094 0.64756944 0.54589844 0.64236111 0.54589844 0.64930556 0.5390625 0.65798611 0.51074219 0.65625 0.50292969 0.64756944 0.50878906 0.64236111 0.49609375 0.65277778 0.46191406 0.65104167 0.45214844 0.64583333 0.45117188 0.640625 0.45898438 0.62673611 0.45898438 0.61979167 0.47265625 0.60416667 0.47558594 0.59548611 0.47265625 0.59201389 0.4765625 0.58333333 0.48242188 0.58159722 0.49023438 0.5625 0.51660156 0.55208333 0.51855469 0.53645833 0.52246094 0.53125 0.51953125 0.53472222 0.51660156 0.52951389 0.51757812 0.51909722 0.51171875 0.50868056 0.27929688 0.50694444 0.27636719 0.50868056 0.27441406 0.52256944 0.27246094 0.59201389 0.24609375 0.59548611 0.19140625 0.61805556 0.18457031 0.62673611 0.18359375 0.78125 0.18554688 0.78645833 0.19921875 0.78645833 0.21191406 0.796875 0.20898438 0.81423611
0 0.27246094 0.63541667 0.27734375 0.64409722 0.3671875 0.63888889 0.41601562 0.64930556 0.41796875 0.63888889 0.41992188 0.64756944 0.42578125 0.64930556 0.45214844 0.63888889 0.46386719 0.64930556 0.54003906 0.65798611 0.54980469 0.64583333 0.57226562 0.64930556 0.59472656 0.64236111 0.59765625 0.63541667 0.59765625 0.60069444 0.60058594 0.59722222 0.66894531 0.59722222 0.671875 0.60243056 0.66894531 0.62152778 0.66015625 0.62673611 0.6640625 0.63194444 0.6640625 0.640625 0.67480469 0.63194444 0.68847656 0.63888889 0.6953125 0.63368056 0.69628906 0.65277778 0.71289062 0.65104167 0.74121094 0.67013889 0.74511719 0.66493056 0.74414062 0.63715278 0.74902344 0.609375 0.76464844 0.59722222 0.78808594 0.54513889 0.77929688 0.53645833 0.71875 0.52951389 0.70996094 0.52083333 0.70898438 0.50694444 0.70214844 0.50520833 0.60742188 0.50520833 0.59277344 0.51041667 0.57714844 0.50520833 0.56640625 0.51388889 0.54589844 0.51215278 0.51855469 0.49826389 0.51464844 0.50694444 0.46679688 0.51041667 0.41503906 0.50520833 0.27929688 0.50694444 0.27441406 0.52256944 0.27148438 0.60763889 0.27246094 0.63541667
5 0.23925781 0.77083333 0.74804688 0.77083333 0.7578125 0.76909722 0.76269531 0.76041667 0.76269531 0.69791667 0.76171875 0.68923611 0.75683594 0.68402778 0.72363281 0.66145833 0.70996094 0.65625 0.70214844 0.65972222 0.69921875 0.65104167 0.69824219 0.66319444 0.64257812 0.66319444 0.63671875 0.65798611 0.61328125 0.66319444 0.61035156 0.65798611 0.609375 0.63715278 0.58300781 0.65104167 0.54980469 0.65104167 0.5390625 0.66145833 0.46289062 0.65277778 0.44335938 0.64409722 0.42382812 0.65451389 0.41894531 0.66666667 0.41601562 0.66493056 0.41503906 0.65451389 0.39453125 0.64583333 0.33105469 0.640625 0.29296875 0.64409722 0.25292969 0.66840278 0.23046875 0.6875 0.22753906 0.69618056 0.22753906 0.76041667 0.23925781 0.77083333
4 0.19140625 0.77604167 0.2109375 0.77777778 0.22363281 0.77256944 0.22558594 0.69270833 0.23046875 0.68402778 0.27050781 0.65104167 0.26953125 0.59375 0.24316406 0.59722222 0.18457031 0.625 0.18554688 0.78125 0.19140625 0.77604167
2 0.75683594 0.69270833 0.75585938 0.70486111 0.76171875 0.703125 0.76367188 0.71180556 0.76367188 0.77083333 0.76855469 0.77604167 0.79589844 0.77604167 0.796875 0.78472222 0.80273438 0.78472222 0.80175781 0.62326389 0.77441406 0.609375 0.75878906 0.60763889 0.75 0.61631944 0.74804688 0.63194444 0.74902344 0.67534722 0.75683594 0.69270833
3 0.77106585 0.80133929 0.76855469 0.79166667 0.76660156 0.79340278 0.77106585 0.80133929
3 0.76660156 0.80555556 0.77297045 0.83612621 0.77636719 0.83159722 0.77441406 0.81423611 0.77129414 0.80221861 0.76660156 0.80555556
3 0.77329799 0.83769841 0.77468872 0.84437391 0.77734375 0.84201389 0.77329799 0.83769841
3 0.77468872 0.84437391 0.7734375 0.84548611 0.77636719 0.85243056 0.77468872 0.84437391
3 0.20898438 0.81597222 0.203125 0.81423611 0.19921875 0.84722222 0.20410156 0.84722222 0.19921875 0.86284722 0.203125 0.86111111 0.20800781 0.83159722 0.203125 0.82465278 0.20898438 0.81944444 0.21289062 0.79166667 0.20703125 0.79166667 0.20410156 0.80381944 0.20996094 0.80902778 0.20898438 0.81597222
6 0.609375 0.52604167 0.61035156 0.55381944 0.60351562 0.56944444 0.60058594 0.55729167 0.59765625 0.55729167 0.60058594 0.56597222 0.59667969 0.56770833 0.59765625 0.58680556 0.60351562 0.58159722 0.609375 0.59027778 0.60449219 0.59375 0.6171875 0.59548611 0.6171875 0.60416667 0.62207031 0.60763889 0.63085938 0.60763889 0.63378906 0.59895833 0.63671875 0.609375 0.63964844 0.60416667 0.63574219 0.59548611 0.67480469 0.59201389 0.68261719 0.57465278 0.68457031 0.55902778 0.69140625 0.55208333 0.69433594 0.53645833 0.70800781 0.51215278 0.70703125 0.50694444 0.70507812 0.51388889 0.703125 0.50520833 0.70214844 0.51909722 0.69824219 0.52604167 0.69694043 0.50520833 0.625 0.50520833 0.61523438 0.50694444 0.61035156 0.51388889 0.60449219 0.50868056 0.61230469 0.51909722 0.609375 0.52604167
1 0.19433594 0.78819444 0.19921875 0.78819444 0.20117188 0.77777778 0.20410156 0.78819444 0.29296875 0.78993056 0.28710938 0.78819444 0.28925781 0.77430556 0.29453125 0.77430556 0.29785156 0.78993056 0.30273438 0.78993056 0.29980469 0.77430556 0.31035156 0.77430556 0.30761719 0.78993056 0.3125 0.78993056 0.315625 0.77430556 0.32089844 0.77430556 0.31738281 0.78993056 0.32226562 0.78993056 0.32617188 0.77430556 0.32714844 0.78993056 0.35546875 0.78993056 0.35644531 0.77430556 0.36181641 0.77430556 0.36132812 0.78993056 0.36858301 0.78993056 0.3671875 0.77430556 0.37255859 0.77430556 0.37388379 0.78993056 0.38448633 0.78993056 0.38183594 0.77430556 0.39290332 0.77256944 0.38978809 0.78993056 0.43359375 0.78993056 0.43554688 0.77430556 0.43847656 0.78993056 0.44335938 0.78993056 0.4453125 0.77430556 0.45019531 0.77430556 0.44824219 0.78993056 0.45800781 0.78993056 0.4609375 0.77256944 0.46362305 0.78993056 0.46923828 0.78993056 0.46582031 0.77256944 0.47802734 0.77430556 0.47485352 0.78993056 0.48632812 0.78993056 0.484375 0.77430556 0.49511719 0.77256944 0.49153613 0.78993056 0.49674512 0.78993056 0.50097656 0.77430556 0.50615234 0.77430556 0.50195312 0.78993056 0.51269531 0.78819444 0.51132813 0.77430556 0.53203125 0.77430556 0.52734375 0.78819444 0.51855469 0.78993056 0.53027344 0.78993056 0.53720703 0.77430556 0.53759766 0.78819444 0.54492188 0.78993056 0.54238281 0.77430556 0.55273438 0.77430556 0.55004883 0.78993056 0.56030273 0.78993056 0.56152344 0.77430556 0.56542969 0.78993056 0.56835938 0.78993056 0.56738281 0.77430556 0.57421875 0.77256944 0.57714844 0.77430556 0.57617188 0.78993056 0.59326172 0.78819444 0.59082031 0.77256944 0.5958252 0.77256944 0.59960938 0.78993056 0.60083008 0.77256944 0.61083984 0.77256944 0.60644531 0.78993056 0.61328125 0.78819444 0.61584473 0.77256944 0.61914062 0.78819444 0.62597656 0.78993056 0.63118457 0.78993056 0.63183594 0.77430556 0.63639355 0.78993056 0.71464844 0.78993056 0.71777344 0.77430556 0.72070312 0.77430556 0.72460938 0.77604167 0.7203125 0.78993056 0.72597656 0.78993056 0.73144531 0.77604167 0.73730469 0.77604167 0.73164063 0.78993056 0.74707031 0.78993056 0.74023438 0.77604167 0.75097656 0.77430556 0.75260449 0.78993056 0.7581377 0.78993056 0.75195312 0.77256944 0.75976562 0.77256944 0.76367188 0.78993056 0.80371094 0.78645833 0.796875 0.77777778 0.77001953 0.77604167 0.76953125 0.78819444 0.76464844 0.78819444 0.76171875 0.77083333 0.69433594 0.77256944 0.69794141 0.78819444 0.68787598 0.78819444 0.68945312 0.77256944 0.67512988 0.77256944 0.67780957 0.78819444 0.66774316 0.78819444 0.66959668 0.77256944 0.66308594 0.77430556 0.66270996 0.78819444 0.65767773 0.78819444 0.65820312 0.77430556 0.65234375 0.77256944 0.65264453 0.78819444 0.64257812 0.78819444 0.64615918 0.77256944 0.58984375 0.77083333 0.42350293 0.77256944 0.41796875 0.78819444 0.41243457 0.78819444 0.41731738 0.77256944 0.41015625 0.77083333 0.35009766 0.77256944 0.34863281 0.78819444 0.34472656 0.77256944 0.33251953 0.77256944 0.33496094 0.78819444 0.328125 0.78819444 0.32714844 0.77256944 0.27871094 0.77430556 0.28222656 0.78819444 0.27734375 0.78819444 0.2734375 0.77430556 0.27050781 0.77430556 0.27246094 0.78819444 0.26269531 0.78819444 0.26269531 0.77430556 0.25585938 0.77604167 0.2578125 0.78819444 0.24804688 0.78819444 0.25 0.77604167 0.24414062 0.77604167 0.24316406 0.78819444 0.23828125 0.78819444 0.23730469 0.77430556 0.18457031 0.77604167 0.18554688 0.78645833 0.19433594 0.78819444
