0 0.28222656 0.52678571 0.29492188 0.52827381 0.30141646 0.51554972 0.28320312 0.51488095 0.28222656 0.52678571
0 0.33496094 0.52083333 0.36425781 0.51785714 0.32688792 0.51648498 0.32617188 0.52827381 0.33496094 0.52083333
0 0.31933594 0.5297619 0.31709872 0.51612554 0.30668112 0.51574302 0.3046875 0.5297619 0.31933594 0.5297619
0 0.39355469 0.55208333 0.39941406 0.60714286 0.41113281 0.64285714 0.44042969 0.64732143 0.45410156 0.64434524 0.45996094 0.5952381 0.45605469 0.57291667 0.45703125 0.52827381 0.45410156 0.51636905 0.37402344 0.51488095 0.36816406 0.52380952 0.36523438 0.55059524 0.39355469 0.55208333
0 0.46582031 0.58333333 0.46582031 0.64136905 0.47070312 0.65029762 0.50292969 0.64434524 0.59179688 0.64285714 0.59570312 0.63839286 0.59863281 0.61160714 0.64355469 0.60416667 0.64648438 0.59672619 0.64941406 0.60416667 0.65722656 0.60863095 0.73144531 0.60714286 0.734375 0.60565476 0.73339844 0.59375 0.72753906 0.57738095 0.74121094 0.56696429 0.78125 0.57738095 0.82324219 0.57291667 0.83300781 0.58184524 0.83789062 0.60416667 0.84765625 0.60565476 0.85058594 0.59821429 0.85253906 0.51488095 0.84960938 0.51339286 0.76464844 0.51488095 0.73730469 0.50446429 0.734375 0.51636905 0.64941406 0.51488095 0.64550781 0.51934524 0.64355469 0.53571429 0.64453125 0.57738095 0.64160156 0.57738095 0.63769531 0.56696429 0.63671875 0.5297619 0.62988281 0.51488095 0.47363281 0.51488095 0.47167969 0.52529762 0.47167969 0.5610119 0.46582031 0.58333333
5 0.23242188 0.7827381 0.50585938 0.78422619 0.63378906 0.7797619 0.66796875 0.78422619 0.82128906 0.78422619 0.91796875 0.78125 0.92773438 0.77529762 0.92871094 0.76190476 0.92773438 0.73660714 0.91894531 0.69642857 0.88476562 0.67857143 0.86230469 0.66071429 0.83496094 0.66517857 0.80273438 0.66220238 0.7890625 0.65625 0.77539062 0.66220238 0.74707031 0.66220238 0.72949219 0.65029762 0.70996094 0.64732143 0.69824219 0.65327381 0.70019531 0.66071429 0.68847656 0.67261905 0.67871094 0.67113095 0.671875 0.67559524 0.65136719 0.66666667 0.61230469 0.67113095 0.60839844 0.65178571 0.59960938 0.64880952 0.59863281 0.65625 0.59667969 0.64880952 0.59179688 0.64732143 0.47265625 0.65327381 0.45996094 0.67410714 0.45507812 0.65625 0.4296875 0.65029762 0.41601562 0.65029762 0.40039062 0.65922619 0.32324219 0.66964286 0.31445312 0.66964286 0.30664062 0.65922619 0.30078125 0.6577381 0.27636719 0.65922619 0.24707031 0.67410714 0.21777344 0.70535714 0.21777344 0.77827381 0.23242188 0.7827381
4 0.21875 0.70386905 0.21875 0.70982143 0.2109375 0.71577381 0.21972656 0.7172619 0.21191406 0.72693452 0.21875 0.73065476 0.21875 0.73958333 0.21191406 0.73660714 0.21777344 0.74107143 0.21191406 0.74404762 0.21875 0.74404762 0.21191406 0.75186012 0.21875 0.75297619 0.21777344 0.75892857 0.21191406 0.75967262 0.21191406 0.76748512 0.21875 0.76339286 0.21679688 0.77232143 0.21191406 0.77529762 0.21582031 0.77678571 0.21875 0.76785714 0.22070312 0.69940476 0.26367188 0.66071429 0.27539062 0.57738095 0.27441406 0.56994048 0.26660156 0.56845238 0.21191406 0.58779762 0.2109375 0.70758929 0.21875 0.70386905
2 0.85644531 0.61011905 0.90625 0.61011905 0.91308594 0.63988095 0.91015625 0.64285714 0.91601562 0.64880952 0.91894531 0.66369048 0.90625 0.66964286 0.90039062 0.66071429 0.90039062 0.65327381 0.89550781 0.66071429 0.89355469 0.6547619 0.88671875 0.65327381 0.88085938 0.65625 0.8828125 0.67113095 0.89355469 0.67857143 0.89648438 0.66517857 0.90234375 0.66964286 0.89990234 0.67857143 0.90820312 0.67857143 0.90820312 0.66964286 0.91210938 0.66964286 0.91308594 0.67857143 0.91894531 0.68005952 0.91601562 0.6889881 0.9296875 0.69940476 0.9296875 0.65401786 0.92089844 0.6547619 0.9140625 0.63988095 0.9296875 0.64583333 0.93066406 0.63988095 0.91699219 0.63690476 0.91015625 0.62202381 0.93066406 0.6235119 0.9296875 0.61904762 0.91699219 0.61607143 0.93066406 0.60714286 0.9296875 0.58630952 0.85253906 0.57142857 0.85253906 0.59821429 0.85644531 0.61011905
3 0.33984375 0.81845238 0.33496094 0.80357143 0.33789062 0.79910714 0.34667969 0.80654762 0.34960938 0.79910714 0.34375 0.79166667 0.33886719 0.79910714 0.328125 0.79761905 0.328125 0.78720238 0.31933594 0.78571429 0.31738281 0.84077381 0.3203125 0.84821429 0.32421875 0.84821429 0.33984375 0.81845238
3 0.78613281 0.79315476 0.76904297 0.78869048 0.76864371 0.79720797 0.81054688 0.84672619 0.81640625 0.84672619 0.81835938 0.8422619 0.80566406 0.83928571 0.80078125 0.83184524 0.80273438 0.82142857 0.80761719 0.81994048 0.81835938 0.81994048 0.81933594 0.82886905 0.81933594 0.80059524 0.80859375 0.80803571 0.80957031 0.79017857 0.81933594 0.79166667 0.81738281 0.78571429 0.81152344 0.78571429 0.79492188 0.80952381 0.7890625 0.80654762 0.79003906 0.79910714 0.78613281 0.79315476
6 0 0.43303571 0.01171875 0.44494048 0.02246094 0.44642857 0.02441406 0.4375 0.03027344 0.43154762 0.03222656 0.41815476 0.02929688 0.38541667 0.03710938 0.38244048 0.04101562 0.35565476 0.04785156 0.34821429 0.05664062 0.34672619 0.06542969 0.33184524 0.078125 0.3422619 0.08789062 0.3422619 0.08984375 0.34821429 0.08691406 0.35119048 0.09082031 0.35565476 0.10351562 0.35714286 0.10546875 0.38392857 0.11914062 0.38392857 0.13085938 0.39732143 0.12890625 0.41815476 0.12304688 0.42261905 0.12695312 0.42261905 0.125 0.42559524 0.13085938 0.43005952 0.12988281 0.43452381 0.13476562 0.44196429 0.14355469 0.44494048 0.14648438 0.44047619 0.1484375 0.44791667 0.14355469 0.44940476 0.15917969 0.45238095 0.16113281 0.4672619 0.16894531 0.45982143 0.17578125 0.46577381 0.17773438 0.47767857 0.18945312 0.48363095 0.19042969 0.49107143 0.17773438 0.50446429 0.17285156 0.5327381 0.18457031 0.53571429 0.18652344 0.54315476 0.19726562 0.55059524 0.19140625 0.55952381 0.19140625 0.58482143 0.16992188 0.57440476 0.16894531 0.58184524 0.16308594 0.58035714 0.16503906 0.58630952 0.15722656 0.58630952 0.15625 0.59672619 0.15332031 0.59821429 0.15820312 0.60565476 0.15429688 0.61160714 0.15136719 0.67857143 0.14746094 0.6889881 0.14257812 0.74404762 0.14257812 0.75595238 0.15039062 0.76785714 0.13671875 0.78125 0.13769531 0.79017857 0.12988281 0.80803571 0.11230469 0.81994048 0.08007812 0.82142857 0.04394531 0.77232143 0.04492188 0.7797619 0.03710938 0.77083333 0 0.77232143 0 0.9985119 0.99902344 0.9985119 0.99902344 0.77678571 0.98242188 0.77232143 0.98632812 0.76636905 0.99902344 0.76934524 0.99511719 0.76636905 0.99902344 0.76187649 0.99902344 0 0 0 0 0.43303571
