5 0.19082377 0.47263249 0.181439 0.4735013 0.15537018 0.48653345 0.14077164 0.50477845 0.1459854 0.51172893 0.15328467 0.51433536 0.15328467 0.5534318 0.1459854 0.55690704 0.15537018 0.55777585 0.17309698 0.56646394 0.19082377 0.56385752 0.3096976 0.57688966 0.32012513 0.58297133 0.33263816 0.58123371 0.35349322 0.58384014 0.35870699 0.589053 0.37330553 0.58557776 0.48800834 0.60121633 0.51929093 0.60208514 0.54953076 0.60642919 0.56100104 0.61251086 0.57559958 0.60903562 0.58811262 0.61251086 0.6193952 0.61337967 0.62252346 0.6159861 0.64129301 0.6159861 0.64859228 0.61946134 0.65797706 0.61946134 0.66110532 0.61164205 0.66527633 0.6159861 0.66214807 0.61859253 0.66423358 0.62033015 0.66631908 0.6159861 0.67153285 0.61859253 0.68613139 0.61685491 0.6903024 0.61946134 0.68821689 0.62293658 0.71845673 0.62901825 0.7278415 0.62901825 0.73201251 0.62380539 0.73201251 0.61424848 0.72888425 0.61251086 0.73305527 0.607298 0.73618352 0.57080799 0.74348279 0.56298871 0.74348279 0.54300608 0.75808133 0.50564726 0.75808133 0.50130321 0.74765381 0.49435274 0.71324296 0.49000869 0.70594369 0.48653345 0.63295099 0.48392702 0.62252346 0.48045178 0.58915537 0.48566464 0.56725756 0.48132059 0.53493222 0.48045178 0.51511992 0.47697654 0.46193952 0.47697654 0.40771637 0.47263249 0.37643379 0.47437011 0.36183525 0.47263249 0.35766423 0.46307559 0.3451512 0.45960035 0.27007299 0.45612511 0.26798749 0.45612511 0.2168926 0.46307559 0.19082377 0.47263249
4 0.22002086 0.38575152 0.11783107 0.39965248 0.08029197 0.40052129 0.12200209 0.53084275 0.13660063 0.55777585 0.15224192 0.55690704 0.15224192 0.52562989 0.15849844 0.51520417 0.15224192 0.51172893 0.15119917 0.50738488 0.14494265 0.50738488 0.13972888 0.50304083 0.15119917 0.48740226 0.16058394 0.48045178 0.18456726 0.47002606 0.22419187 0.45873154 0.26277372 0.45264987 0.24921794 0.39704605 0.24087591 0.3840139 0.23774765 0.3840139 0.22732013 0.38835795 0.22002086 0.38575152
2 0.8894682 0.42919201 0.86548488 0.43092963 0.86027112 0.43440487 0.85818561 0.44135534 0.8561001 0.43527368 0.84880083 0.43701129 0.83003128 0.44396177 0.82377477 0.45351868 0.82064651 0.44483058 0.81438999 0.44917463 0.82273201 0.45351868 0.8164755 0.46133797 0.81126173 0.45264987 0.80709072 0.45264987 0.80813347 0.45699392 0.80291971 0.46133797 0.79979145 0.46133797 0.7987487 0.45786273 0.79249218 0.45960035 0.79249218 0.47002606 0.78936392 0.47263249 0.78415016 0.47002606 0.77893639 0.47263249 0.75808133 0.50825369 0.7455683 0.54213727 0.74661105 0.56472632 0.74035454 0.57254561 0.73618352 0.60382276 0.73618352 0.62033015 0.74452555 0.62641182 0.74452555 0.62988705 0.76225235 0.6342311 0.77580813 0.63336229 0.81960375 0.60642919 0.85192909 0.58210252 0.89363921 0.49869679 0.91449426 0.4465682 0.91449426 0.42311034 0.90719499 0.42397915 0.90302398 0.41789748 0.89781022 0.41789748 0.88842544 0.42311034 0.8894682 0.42919201
0 0.29509906 0.39009557 0.27841502 0.38922676 0.26068822 0.38314509 0.25130344 0.38314509 0.25130344 0.39530843 0.26590198 0.44917463 0.28258603 0.45351868 0.30656934 0.45351868 0.37956204 0.46133797 0.40980188 0.47002606 0.42961418 0.47263249 0.48696559 0.47523892 0.50677789 0.4735013 0.55683003 0.47958297 0.57247132 0.47871416 0.58602711 0.4821894 0.60688217 0.48132059 0.62148071 0.47697654 0.65693431 0.48305821 0.6923879 0.48305821 0.76225235 0.49174631 0.77476538 0.4735013 0.77372263 0.47002606 0.78206465 0.46220678 0.78936392 0.45960035 0.79562044 0.44917463 0.80604797 0.44917463 0.81334724 0.44569939 0.80709072 0.44135534 0.81334724 0.4378801 0.81751825 0.43874891 0.82064651 0.43527368 0.83420229 0.43874891 0.83837331 0.43527368 0.84775808 0.43527368 0.85192909 0.43179844 0.84254432 0.42745439 0.84775808 0.42745439 0.8540146 0.42311034 0.85922836 0.42484796 0.87695516 0.42137272 0.8738269 0.41789748 0.83524505 0.41181581 0.79144943 0.41181581 0.78936392 0.40486533 0.79666319 0.39096438 0.79457769 0.38662033 0.76120959 0.39096438 0.71428571 0.39009557 0.66214807 0.38227628 0.65901981 0.39965248 0.66110532 0.40399652 0.65380605 0.410947 0.64546403 0.40834057 0.64337852 0.39878367 0.62252346 0.39878367 0.61313869 0.4013901 0.58498436 0.39878367 0.58289885 0.392702 0.58811262 0.3840139 0.58706986 0.37966985 0.54848801 0.38488271 0.48592284 0.38575152 0.47028154 0.38227628 0.46298227 0.38922676 0.43899896 0.39704605 0.40771637 0.392702 0.40145985 0.38922676 0.40771637 0.36924414 0.35140772 0.37185056 0.30448384 0.36142485 0.30344108 0.36055604 0.30031283 0.36229366 0.29509906 0.39009557
3 0.32533889 0.58470895 0.3274244 0.58210252 0.32429614 0.57949609 0.31595412 0.57949609 0.31386861 0.57949609 0.31491137 0.58470895 0.32533889 0.58470895
3 0.16996872 0.56907037 0.181439 0.56733275 0.18039625 0.56385752 0.17205422 0.56298871 0.16684046 0.56298871 0.16475495 0.56385752 0.16996872 0.56907037
3 0.35453597 0.58818419 0.36704901 0.59165943 0.37122002 0.58731538 0.36600626 0.58470895 0.36027112 0.58470895 0.35453597 0.58470895 0.35453597 0.58818419
3 0.56725756 0.61685491 0.57038582 0.61251086 0.56517205 0.60903562 0.55578728 0.60903562 0.55578728 0.6159861 0.56725756 0.61685491
3 0.72992701 0.63683753 0.73409802 0.63944396 0.7455683 0.63770634 0.74244004 0.63162467 0.7367049 0.63162467 0.72992701 0.63249348 0.72992701 0.63683753
6 0 0.99913119 0.99895725 0.99913119 0.99895725 0 0.9937268 0 0 0 0 0.99913119
