5 0.24316406 0.82638889 0.41796875 0.82291667 0.58886719 0.828125 0.62109375 0.82291667 0.72363281 0.82986111 0.75097656 0.82465278 0.75390625 0.77256944 0.74707031 0.76215278 0.75097656 0.75173611 0.74511719 0.73611111 0.72167969 0.74131944 0.69042969 0.72048611 0.68261719 0.72048611 0.67871094 0.73263889 0.67089844 0.734375 0.61230469 0.73611111 0.59375 0.71701389 0.56933594 0.72916667 0.55957031 0.72048611 0.54101562 0.71701389 0.47167969 0.71527778 0.43164062 0.72222222 0.42382812 0.73090278 0.41699219 0.72222222 0.38671875 0.71527778 0.31640625 0.71527778 0.29003906 0.72222222 0.26269531 0.74826389 0.25488281 0.76736111 0.23828125 0.77604167 0.23730469 0.80381944 0.24316406 0.82638889
0 0.57519531 0.68576389 0.57324219 0.72222222 0.58789062 0.71180556 0.61230469 0.71701389 0.62011719 0.71180556 0.69824219 0.71006944 0.70117188 0.64930556 0.69628906 0.60069444 0.58105469 0.59895833 0.57421875 0.61111111 0.5703125 0.63541667 0.57519531 0.68576389
0 0.29785156 0.71354167 0.34277344 0.70833333 0.41113281 0.71875 0.41992188 0.71354167 0.41894531 0.61284722 0.40625 0.59548611 0.29980469 0.59548611 0.29589844 0.59895833 0.29394531 0.62847222 0.29199219 0.69444444 0.29785156 0.71354167
0 0.49804688 0.71180556 0.56152344 0.71875 0.56054688 0.59895833 0.55664062 0.59375 0.44921875 0.59375 0.4375 0.60590278 0.43164062 0.63194444 0.43066406 0.71875 0.49804688 0.71180556
4 0.22851562 0.67881944 0.23730469 0.8125 0.24316406 0.82118056 0.25585938 0.82118056 0.26074219 0.8125 0.25488281 0.77604167 0.265625 0.74479167 0.2890625 0.72048611 0.29199219 0.63368056 0.29003906 0.625 0.265625 0.625 0.23242188 0.64409722 0.22851562 0.65104167 0.22851562 0.67881944
2 0.68945312 0.69618056 0.69921875 0.71875 0.72949219 0.74826389 0.73632812 0.76909722 0.73242188 0.81423611 0.73632812 0.82118056 0.75097656 0.82291667 0.75878906 0.72743056 0.76660156 0.70486111 0.77929688 0.69965278 0.78027344 0.6875 0.765625 0.68576389 0.76269531 0.67881944 0.76367188 0.64930556 0.75097656 0.63715278 0.7265625 0.625 0.70898438 0.625 0.69726562 0.64236111 0.70214844 0.66493056 0.68945312 0.69618056
3 0.71972656 0.85763889 0.72070312 0.83333333 0.71777344 0.83333333 0.71679688 0.85243056 0.71972656 0.85763889
3 0.27539062 0.85763889 0.27832031 0.83159722 0.27050781 0.83159722 0.27148438 0.85243056 0.27539062 0.85763889
3 0.74707031 0.85243056 0.74707031 0.87152778 0.75097656 0.87847222 0.75097656 0.82465278 0.73730469 0.828125 0.74707031 0.85243056
3 0.24121094 0.87673611 0.24511719 0.84548611 0.26464844 0.82986111 0.23925781 0.82638889 0.23828125 0.87326389 0.24121094 0.87673611
1 0.24023438 0.83506944 0.67586621 0.83159722 0.68554688 0.82465278 0.68588672 0.83159722 0.74414062 0.83159722 0.75195312 0.84027778 0.75097656 0.82638889 0.73242188 0.82118056 0.24609375 0.82465278 0.23925781 0.82638889 0.24023438 0.83506944
6 0.24023438 0.87673611 0.24511719 0.83854167 0.25097656 0.83159722 0.26269531 0.83159722 0.27539062 0.85069444 0.28339844 0.83159722 0.3515625 0.82465278 0.36523438 0.82986111 0.46289062 0.83159722 0.70605469 0.82986111 0.71484375 0.83506944 0.71972656 0.85590278 0.72070312 0.84375 0.72949219 0.83159722 0.74121094 0.82986111 0.74804688 0.87673611 0.75097656 0.87673611 0.75976562 0.71527778 0.78027344 0.703125 0.78222656 0.69270833 0.78808594 0.69097222 0.78710938 0.68576389 0.77148438 0.68229167 0.76269531 0.66666667 0.76367188 0.64930556 0.76074219 0.64409722 0.72363281 0.62326389 0.70507812 0.625 0.69726562 0.609375 0.69726562 0.59548611 0.58007812 0.59375 0.57519531 0.59895833 0.57226562 0.61631944 0.56054688 0.60416667 0.55664062 0.59201389 0.44433594 0.59375 0.43261719 0.62326389 0.41992188 0.62152778 0.41308594 0.59548611 0.29589844 0.59375 0.29101562 0.62673611 0.26757812 0.625 0.23046875 0.64583333 0.23046875 0.72916667 0.24023438 0.87673611
