0 0.19238281 0.45827233 0.21679688 0.49633968 0.22851562 0.50805271 0.24316406 0.53879941 0.24902344 0.5431918 0.24902344 0.55051245 0.25683594 0.56661786 0.37109375 0.56808199 0.41992188 0.5636896 0.42578125 0.56954612 0.74121094 0.56954612 0.74707031 0.56808199 0.75292969 0.55783309 0.75878906 0.56076135 0.75683594 0.54904832 0.76171875 0.55197657 0.75976562 0.53879941 0.7734375 0.51976574 0.77929688 0.49926794 0.78808594 0.49633968 0.79296875 0.48462665 0.80273438 0.48316252 0.80175781 0.477306 0.80664062 0.46998536 0.81738281 0.46998536 0.81835938 0.45973646 0.82421875 0.45241581 0.83007812 0.45827233 0.83398438 0.45534407 0.83203125 0.45095168 0.81835938 0.45095168 0.81054688 0.41434846 0.7893877 0.3782328 0.77636719 0.36310395 0.73046875 0.33674963 0.67773438 0.32650073 0.59179688 0.32650073 0.58496094 0.32796486 0.57910156 0.33967789 0.57128906 0.33089312 0.55371094 0.32796486 0.43359375 0.32650073 0.42285156 0.33821376 0.42089844 0.34846266 0.4140625 0.34407028 0.41503906 0.33382138 0.40820312 0.33089312 0.40136719 0.33967789 0.39746094 0.33528551 0.38964844 0.33821376 0.38769531 0.34553441 0.37597656 0.34553441 0.375 0.33382138 0.37011719 0.33089312 0.31933594 0.32796486 0.31738281 0.33235725 0.31054688 0.32942899 0.30078125 0.33528551 0.29980469 0.33089312 0.29882812 0.33674963 0.29492188 0.33089312 0.2890625 0.33674963 0.27929688 0.33528551 0.25488281 0.34407028 0.23046875 0.35871157 0.20214844 0.39238653 0.18457031 0.42898975 0.18554688 0.45534407 0.19238281 0.45827233
5 0.19042969 0.69106881 0.19726562 0.70131772 0.21386719 0.7057101 0.35644531 0.70424597 0.38574219 0.70131772 0.39453125 0.6954612 0.40917969 0.70278184 0.43359375 0.7057101 0.56347656 0.7057101 0.59277344 0.70424597 0.60546875 0.69692533 0.61132812 0.70863836 0.62304688 0.70863836 0.63671875 0.69985359 0.63964844 0.7057101 0.64453125 0.7057101 0.64257812 0.69985359 0.65136719 0.69985359 0.65429688 0.70424597 0.66113281 0.69985359 0.66796875 0.70424597 0.67675781 0.69985359 0.6953125 0.70278184 0.70019531 0.69838946 0.70410156 0.70278184 0.70996094 0.69692533 0.72167969 0.69985359 0.72363281 0.70424597 0.72363281 0.6954612 0.73339844 0.68960469 0.73730469 0.6954612 0.73730469 0.70717423 0.78222656 0.70717423 0.79003906 0.7057101 0.79394531 0.69985359 0.80371094 0.69985359 0.81542969 0.68814056 0.81835938 0.67642753 0.81542969 0.6398243 0.79785156 0.61200586 0.78515625 0.60761347 0.74511719 0.57540264 0.72265625 0.56954612 0.60058594 0.57101025 0.58496094 0.57540264 0.55566406 0.57101025 0.44042969 0.57101025 0.43066406 0.57247438 0.41796875 0.58565154 0.4140625 0.57540264 0.40234375 0.57247438 0.26660156 0.57101025 0.1953125 0.62225476 0.1875 0.6398243 0.18652344 0.67789165 0.19042969 0.69106881
4 0.05273438 0.50805271 0.16308594 0.68667643 0.17480469 0.69692533 0.1875 0.68960469 0.18359375 0.65446559 0.18945312 0.62664714 0.25195312 0.57101025 0.24609375 0.54904832 0.23242188 0.522694 0.203125 0.47877013 0.17480469 0.44948755 0.06640625 0.46266471 0.05273438 0.47584187 0.04980469 0.48169839 0.05273438 0.50805271
2 0.82324219 0.69253294 0.84082031 0.67935578 0.84765625 0.66471449 0.84765625 0.65739385 0.85449219 0.65300146 0.84667969 0.64421669 0.84472656 0.62518302 0.84277344 0.62664714 0.84570312 0.63689605 0.83789062 0.62811127 0.8359375 0.63689605 0.83300781 0.63103953 0.82617188 0.63836018 0.82421875 0.63543192 0.8203125 0.64568082 0.81933594 0.68960469 0.82324219 0.69253294
2 0.79296875 0.60614934 0.84472656 0.60761347 0.84765625 0.62371889 0.859375 0.62664714 0.859375 0.63543192 0.85351562 0.6398243 0.86230469 0.64128843 0.87304688 0.62664714 0.875 0.61346999 0.88867188 0.60614934 0.92773438 0.53879941 0.94238281 0.51976574 0.95019531 0.50219619 0.95214844 0.48462665 0.94433594 0.46998536 0.93554688 0.46266471 0.82519531 0.44948755 0.80761719 0.4670571 0.77441406 0.5124451 0.75 0.56222548 0.75097656 0.57540264 0.79296875 0.60614934
3 0.90346236 0.70288833 0.90917969 0.70717423 0.92773438 0.65300146 0.92382812 0.65007321 0.90346236 0.70288833
3 0.87109375 0.82137628 0.86816406 0.83016105 0.84863281 0.81844802 0.84179688 0.80819912 0.81796517 0.8094752 0.81640625 0.81259151 0.87304688 0.85651537 0.87597656 0.86676428 0.88378906 0.86969253 0.88964844 0.85944363 0.89257812 0.86969253 0.88476562 0.82284041 0.88671875 0.77598829 0.90625 0.71303075 0.9010535 0.70913528 0.88769531 0.74377745 0.87304688 0.76866764 0.87597656 0.77598829 0.87011719 0.79648609 0.87109375 0.82137628
3 0.08886719 0.70131772 0.09472656 0.6954612 0.09765625 0.70278184 0.09277344 0.70863836 0.10742188 0.75256223 0.11425781 0.78623719 0.11523438 0.83016105 0.10839844 0.86969253 0.11328125 0.84626647 0.1171875 0.86969253 0.12304688 0.8682284 0.12792969 0.85651537 0.18652344 0.80966325 0.15625 0.80527086 0.14257812 0.7920937 0.109375 0.73206442 0.08300781 0.66325037 0.07714844 0.65007321 0.07324219 0.64860908 0.07226562 0.65300146 0.08886719 0.70131772
6 0.05664062 0.51830161 0.04394531 0.52855051 0.04785156 0.55783309 0.07714844 0.65007321 0.08398438 0.66178624 0.08886719 0.68960469 0.09570312 0.6954612 0.09765625 0.71010249 0.1015625 0.715959 0.1015625 0.73352855 0.11035156 0.75549048 0.12109375 0.76720351 0.11425781 0.76866764 0.11328125 0.77891654 0.12109375 0.79502196 0.12402344 0.78916545 0.12402344 0.79648609 0.11621094 0.79502196 0.11621094 0.79941435 0.13085938 0.80966325 0.12890625 0.81698389 0.12011719 0.80819912 0.11621094 0.82284041 0.11621094 0.86530015 0.12304688 0.85505124 0.12402344 0.85944363 0.12402344 0.85358712 0.12988281 0.85358712 0.13183594 0.84626647 0.14648438 0.83894583 0.13671875 0.83308931 0.14160156 0.82430454 0.14746094 0.82284041 0.15039062 0.83162518 0.15429688 0.83162518 0.17285156 0.81698389 0.17089844 0.80819912 0.18359375 0.80527086 0.77734375 0.80380673 0.81640625 0.80527086 0.85839844 0.84480234 0.86816406 0.8477306 0.87890625 0.86676428 0.88769531 0.8682284 0.890625 0.86530015 0.8828125 0.83455344 0.8828125 0.7920937 0.88671875 0.76866764 0.89746094 0.74231332 0.89941406 0.72474378 0.89550781 0.71888726 0.89941406 0.69985359 0.90625 0.70424597 0.91113281 0.69838946 0.91015625 0.69106881 0.91503906 0.6852123 0.91113281 0.68081991 0.91503906 0.67057101 0.91894531 0.67057101 0.91601562 0.65739385 0.921875 0.65300146 0.92285156 0.63543192 0.9296875 0.6295754 0.93164062 0.61493411 0.93847656 0.60468521 0.95800781 0.53587116 0.95605469 0.52562225 0.94628906 0.51683748 0.95214844 0.48316252 0.93652344 0.46266471 0.83496094 0.44802343 0.8203125 0.44948755 0.80859375 0.40849195 0.78125 0.36603221 0.73730469 0.33821376 0.67285156 0.3250366 0.59667969 0.3250366 0.58398438 0.32796486 0.578125 0.33821376 0.57324219 0.33089312 0.5625 0.32650073 0.51660156 0.3250366 0.43261719 0.3250366 0.42382812 0.33382138 0.40820312 0.3250366 0.33496094 0.3250366 0.28808594 0.33089312 0.25195312 0.34407028 0.21777344 0.36896047 0.18847656 0.41581259 0.18261719 0.4465593 0.17871094 0.45095168 0.15136719 0.44948755 0.06542969 0.46266471 0.04980469 0.48023426 0.04980469 0.50073206 0.05664062 0.51830161
1 0.04980469 0.56222548 0.09863281 0.7057101 0.109375 0.72327965 0.11035156 0.73206442 0.12402344 0.75988287 0.14453125 0.7920937 0.16699219 0.80527086 0.84179688 0.80380673 0.85839844 0.79062958 0.87792969 0.7510981 0.88867188 0.73792094 0.89160156 0.72327965 0.921875 0.65446559 0.92285156 0.64275256 0.93457031 0.61200586 0.9296875 0.6090776 0.93066406 0.60322108 0.93457031 0.59736457 0.93847656 0.60029283 0.94238281 0.59297218 0.95703125 0.53733529 0.95605469 0.52708638 0.94824219 0.52122987 0.93261719 0.5329429 0.90234375 0.58565154 0.89257812 0.6090776 0.89453125 0.61639824 0.88964844 0.61639824 0.87304688 0.63689605 0.86035156 0.66325037 0.86230469 0.67057101 0.85058594 0.67789165 0.84667969 0.69985359 0.85742188 0.69985359 0.85644531 0.7057101 0.86035156 0.7057101 0.859375 0.70131772 0.86425781 0.69838946 0.88378906 0.69985359 0.88769531 0.70863836 0.88671875 0.72181552 0.72167969 0.72327965 0.703125 0.71888726 0.60742188 0.72327965 0.59863281 0.72181552 0.59472656 0.7057101 0.41699219 0.70717423 0.39257812 0.70131772 0.37695312 0.7057101 0.20507812 0.70717423 0.19042969 0.69985359 0.171875 0.69985359 0.13867188 0.65300146 0.06445312 0.52708638 0.05957031 0.522694 0.04589844 0.52562225 0.04492188 0.54172767 0.04980469 0.56222548
