5 0.30664062 0.77035831 0.69238281 0.76872964 0.70410156 0.75895765 0.70800781 0.73452769 0.70410156 0.71172638 0.68261719 0.70358306 0.6328125 0.70846906 0.62792969 0.71661238 0.62109375 0.70846906 0.61328125 0.71172638 0.60481738 0.72801303 0.59960938 0.72801303 0.59570312 0.69218241 0.58691406 0.68892508 0.453125 0.69055375 0.44238281 0.70032573 0.34277344 0.70521173 0.3125 0.69543974 0.29199219 0.71335505 0.29296875 0.75732899 0.30664062 0.77035831
0 0.33691406 0.57654723 0.36621094 0.57654723 0.42480469 0.56351792 0.43457031 0.57491857 0.4296875 0.6742671 0.44921875 0.69381107 0.46582031 0.68729642 0.58007812 0.68729642 0.60839844 0.7247557 0.61621094 0.71335505 0.62597656 0.7247557 0.62890625 0.71009772 0.67773438 0.65472313 0.68359375 0.64983713 0.69921875 0.65472313 0.70019531 0.64332248 0.67871094 0.54234528 0.671875 0.53420195 0.33300781 0.53257329 0.3203125 0.53908795 0.31445312 0.56188925 0.31835938 0.57491857 0.33691406 0.57654723
1 0.3203125 0.8029316 0.609375 0.80618893 0.71386719 0.79967427 0.70605469 0.79153094 0.69433594 0.79315961 0.68066406 0.78175896 0.68066406 0.77198697 0.31640625 0.77198697 0.3046875 0.77850163 0.3203125 0.8029316
4 0.24804688 0.65798046 0.26464844 0.77035831 0.27539062 0.79315961 0.29589844 0.79967427 0.30371094 0.78827362 0.3046875 0.77850163 0.29492188 0.76547231 0.28808594 0.72312704 0.29199219 0.71009772 0.30761719 0.69543974 0.30175781 0.62540717 0.2890625 0.61726384 0.25195312 0.63517915 0.24804688 0.64169381 0.24804688 0.65798046
2 0.69824219 0.79967427 0.71972656 0.79641694 0.73339844 0.7752443 0.74316406 0.71172638 0.73339844 0.70032573 0.73730469 0.68566775 0.7421875 0.68729642 0.74804688 0.67752443 0.75097656 0.64983713 0.75097656 0.64169381 0.74511719 0.63517915 0.70703125 0.61889251 0.70996094 0.64332248 0.69824219 0.79967427
3 0.67480469 0.84201954 0.67675781 0.85504886 0.68457031 0.85504886 0.68066406 0.83061889 0.67871094 0.84201954 0.67480469 0.84201954
3 0.29785156 0.90065147 0.30664062 0.86482085 0.31152344 0.80456026 0.30273438 0.8029316 0.29882812 0.81596091 0.29980469 0.84039088 0.29296875 0.86644951 0.29003906 0.89576547 0.29785156 0.90065147
3 0.32324219 0.85504886 0.32519531 0.80618893 0.31640625 0.81433225 0.31738281 0.85667752 0.32324219 0.85504886
3 0.69628906 0.89576547 0.70507812 0.90065147 0.70800781 0.89576547 0.70117188 0.82084691 0.69824219 0.80618893 0.68847656 0.8029316 0.68652344 0.81270358 0.69628906 0.89576547
6 0.26660156 0.77850163 0.2734375 0.79315961 0.2890625 0.80130293 0.29882812 0.81921824 0.29101562 0.88762215 0.29492188 0.90065147 0.30175781 0.89250814 0.30859375 0.8534202 0.32226562 0.85179153 0.32910156 0.80781759 0.34863281 0.80130293 0.49316406 0.79967427 0.66894531 0.80130293 0.67773438 0.8485342 0.68164062 0.83876221 0.69140625 0.84201954 0.69628906 0.85830619 0.69824219 0.89576547 0.70410156 0.89739414 0.70605469 0.88762215 0.69824219 0.81596091 0.73046875 0.78338762 0.74121094 0.72312704 0.734375 0.71172638 0.73535156 0.67915309 0.74511719 0.68078176 0.75 0.66449511 0.74902344 0.63843648 0.7109375 0.62052117 0.69335938 0.60423453 0.68164062 0.54885993 0.67382812 0.53257329 0.328125 0.53257329 0.3203125 0.53908795 0.31054688 0.56677524 0.31152344 0.57980456 0.30175781 0.61563518 0.27734375 0.62214984 0.24804688 0.64169381 0.24804688 0.66449511 0.26660156 0.77850163
