5 0.25195312 0.77361564 0.52929688 0.7752443 0.57519531 0.77361564 0.58789062 0.76710098 0.60351562 0.77361564 0.74609375 0.77198697 0.75292969 0.75570033 0.75195312 0.73289902 0.74414062 0.71335505 0.73828125 0.72149837 0.73144531 0.71661238 0.72363281 0.72149837 0.71972656 0.71172638 0.69726562 0.70521173 0.69433594 0.7019544 0.69726562 0.68892508 0.70605469 0.68403909 0.68261719 0.6742671 0.55761719 0.68078176 0.52929688 0.67263844 0.47167969 0.67263844 0.4140625 0.68892508 0.40820312 0.68241042 0.37402344 0.6742671 0.3203125 0.67263844 0.2578125 0.69381107 0.24316406 0.71335505 0.24023438 0.72638436 0.24121094 0.76710098 0.25195312 0.77361564
0 0.48535156 0.66938111 0.52115918 0.67100977 0.58300781 0.68566775 0.60351562 0.67100977 0.60546875 0.64332248 0.63769531 0.63355049 0.64941406 0.65309446 0.6484375 0.66449511 0.65332031 0.66612378 0.71289062 0.68078176 0.77539062 0.67915309 0.77929688 0.67263844 0.78710938 0.60749186 0.77636719 0.59934853 0.77441406 0.57166124 0.74609375 0.56026059 0.33019182 0.55882154 0.33984375 0.57491857 0.34375 0.64820847 0.35351562 0.66612378 0.41992188 0.68241042 0.48535156 0.66938111
4 0.22265625 0.80456026 0.23242188 0.80456026 0.24023438 0.76872964 0.23828125 0.73452769 0.26074219 0.66612378 0.24902344 0.58957655 0.24121094 0.56351792 0.21679688 0.56840391 0.21289062 0.59283388 0.21289062 0.79153094 0.22265625 0.80456026
2 0.75585938 0.8029316 0.77636719 0.80618893 0.77929688 0.8029316 0.77929688 0.71661238 0.77246094 0.70846906 0.76171875 0.70684039 0.75097656 0.70846906 0.75585938 0.8029316
2 0.73339844 0.67752443 0.76074219 0.68729642 0.77734375 0.67915309 0.77734375 0.5732899 0.75 0.56026059 0.73632812 0.56351792 0.73046875 0.61237785 0.73339844 0.67752443
1 0.24023438 0.80618893 0.74902344 0.80456026 0.75292969 0.8029316 0.75390625 0.79315961 0.75195312 0.77687296 0.73046875 0.77198697 0.23925781 0.7752443 0.23730469 0.80130293 0.24023438 0.80618893
3 0.27832031 0.83713355 0.28027344 0.80781759 0.2734375 0.80618893 0.27050781 0.82084691 0.26953125 0.83387622 0.27832031 0.83713355
3 0.7109375 0.83061889 0.71875 0.83713355 0.71972656 0.80944625 0.71289062 0.80618893 0.70898438 0.80944625 0.7109375 0.83061889
3 0.74121094 0.87785016 0.74414062 0.88436482 0.75097656 0.88436482 0.74511719 0.81107492 0.73339844 0.80618893 0.73144531 0.81270358 0.74121094 0.87785016
3 0.24707031 0.88273616 0.2578125 0.80781759 0.24707031 0.80618893 0.24414062 0.81107492 0.23828125 0.86482085 0.23828125 0.88273616 0.24707031 0.88273616
6 0.21777344 0.8029316 0.23144531 0.80618893 0.24414062 0.81921824 0.23925781 0.88273616 0.24511719 0.88273616 0.24707031 0.8762215 0.25683594 0.81433225 0.27148438 0.81596091 0.27148438 0.83224756 0.27734375 0.83387622 0.28222656 0.80781759 0.3203125 0.80456026 0.70898438 0.80618893 0.71289062 0.83387622 0.71679688 0.8257329 0.734375 0.81921824 0.74121094 0.8762215 0.74902344 0.88273616 0.75097656 0.8713355 0.74511719 0.83387622 0.74511719 0.80618893 0.77929688 0.8029316 0.77929688 0.73778502 0.7734375 0.73289902 0.75292969 0.73452769 0.74902344 0.71661238 0.73730469 0.71172638 0.73535156 0.67915309 0.7421875 0.6742671 0.75683594 0.68078176 0.77636719 0.67752443 0.77734375 0.57980456 0.77148438 0.56677524 0.74511719 0.55863192 0.671875 0.55700326 0.29101562 0.55700326 0.26464844 0.56026059 0.24609375 0.57003257 0.24316406 0.56351792 0.23339844 0.56351792 0.21679688 0.56840391 0.21386719 0.57491857 0.21289062 0.78990228 0.21777344 0.8029316
