0 0.10742188 0.47321429 0.10546875 0.48363095 0.11230469 0.50446429 0.15429688 0.51785714 0.22949219 0.50744048 0.23730469 0.58035714 0.24414062 0.61309524 0.25292969 0.63392857 0.2890625 0.63839286 0.32714844 0.65029762 0.33105469 0.65029762 0.33789062 0.63392857 0.34472656 0.63392857 0.35058594 0.64285714 0.4453125 0.63392857 0.52441406 0.64732143 0.52929688 0.63839286 0.5390625 0.65029762 0.58203125 0.63839286 0.59570312 0.62202381 0.59765625 0.60863095 0.609375 0.60714286 0.6171875 0.59672619 0.625 0.55803571 0.62890625 0.51041667 0.6328125 0.5014881 0.65917969 0.50595238 0.65917969 0.51488095 0.66308594 0.51785714 0.68652344 0.52083333 0.68652344 0.51488095 0.69433594 0.50892857 0.69726562 0.51339286 0.71972656 0.51488095 0.72265625 0.51190476 0.72265625 0.4985119 0.73046875 0.5 0.72949219 0.50446429 0.73339844 0.50892857 0.74121094 0.48958333 0.74707031 0.49702381 0.75097656 0.47767857 0.75097656 0.46279762 0.74414062 0.44196429 0.74902344 0.44642857 0.74804688 0.4389881 0.7421875 0.43154762 0.74316406 0.4360119 0.73925781 0.44196429 0.73730469 0.43452381 0.73046875 0.44642857 0.72558594 0.44345238 0.72167969 0.44494048 0.72070312 0.45089286 0.70898438 0.44940476 0.70800781 0.45833333 0.70214844 0.45833333 0.70019531 0.45238095 0.64355469 0.45684524 0.52832031 0.45684524 0.52246094 0.45238095 0.34570312 0.45833333 0.18457031 0.45535714 0.15039062 0.44940476 0.11230469 0.42857143 0.10742188 0.43005952 0.10351562 0.4389881 0.10351562 0.45833333 0.10742188 0.47321429
5 0.09179688 0.75297619 0.10449219 0.75446429 0.27929688 0.75446429 0.31152344 0.74404762 0.33300781 0.75595238 0.37402344 0.75446429 0.38183594 0.75892857 0.43066406 0.75446429 0.49511719 0.75892857 0.53515625 0.75 0.56152344 0.75595238 0.68945312 0.75744048 0.70898438 0.75297619 0.74316406 0.75446429 0.76171875 0.74553571 0.76269531 0.73660714 0.75976562 0.72321429 0.73144531 0.72172619 0.73242188 0.71577381 0.73925781 0.71577381 0.72753906 0.6889881 0.73046875 0.67857143 0.73730469 0.67559524 0.73925781 0.67708333 0.73632812 0.68452381 0.73925781 0.68005952 0.76269531 0.68005952 0.76269531 0.66517857 0.73046875 0.64880952 0.69824219 0.64285714 0.68847656 0.66517857 0.66894531 0.68154762 0.6640625 0.67559524 0.65625 0.67708333 0.65136719 0.67261905 0.65136719 0.66666667 0.64257812 0.67559524 0.63378906 0.66369048 0.62304688 0.67559524 0.61230469 0.67559524 0.609375 0.63988095 0.5703125 0.64285714 0.55664062 0.64880952 0.53808594 0.66666667 0.53222656 0.66666667 0.51269531 0.64880952 0.48339844 0.63988095 0.37792969 0.63988095 0.32421875 0.65922619 0.31445312 0.65029762 0.29003906 0.64285714 0.20410156 0.63839286 0.1640625 0.64136905 0.10546875 0.6547619 0.08300781 0.66517857 0.07617188 0.67410714 0.08300781 0.74553571 0.09179688 0.75297619
4 0.0234375 0.64583333 0.046875 0.75744048 0.05664062 0.77678571 0.0703125 0.7827381 0.08203125 0.77827381 0.08398438 0.76488095 0.08007812 0.72619048 0.07128906 0.67857143 0.07421875 0.66964286 0.08496094 0.66071429 0.11523438 0.64880952 0.11816406 0.63988095 0.11816406 0.5952381 0.11523438 0.58333333 0.09960938 0.57738095 0.03320312 0.57589286 0.02636719 0.57886905 0.01855469 0.59077381 0.01757812 0.60714286 0.0234375 0.64583333
2 0.71289062 0.7202381 0.71386719 0.71577381 0.71875 0.71577381 0.72167969 0.7202381 0.72412109 0.71577381 0.72558594 0.7202381 0.74023438 0.7202381 0.73925781 0.71577381 0.74414062 0.71279762 0.74536133 0.7202381 0.76855469 0.72321429 0.76855469 0.70535714 0.77148438 0.70238095 0.77636719 0.70535714 0.77636719 0.72321429 0.7890625 0.72172619 0.79101562 0.70982143 0.77832031 0.7202381 0.78222656 0.70535714 0.79296875 0.70238095 0.76074219 0.70089286 0.74414062 0.71130952 0.74023438 0.70833333 0.73535156 0.71577381 0.70800781 0.71428571 0.70410156 0.7172619 0.71289062 0.7202381
2 0.76074219 0.66071429 0.76953125 0.67113095 0.76757812 0.68154762 0.77246094 0.68452381 0.79101562 0.68303571 0.79882812 0.67708333 0.81054688 0.61160714 0.81054688 0.59077381 0.80371094 0.57886905 0.7421875 0.57886905 0.73535156 0.61160714 0.734375 0.64732143 0.76074219 0.66071429
1 0.05273438 0.76488095 0.05957031 0.77083333 0.05664062 0.77529762 0.05957031 0.77827381 0.07226562 0.78422619 0.18554688 0.78869048 0.64533903 0.78592663 0.64357969 0.75783965 0.59960938 0.76041667 0.54296875 0.75446429 0.49414062 0.76041667 0.38183594 0.76041667 0.33007812 0.75744048 0.31054688 0.75 0.29003906 0.75744048 0.23046875 0.76041667 0.11816406 0.76041667 0.07714844 0.75446429 0.078125 0.76041667 0.06738281 0.76339286 0.0625 0.77232143 0.06054688 0.76488095 0.05273438 0.76488095
1 0.75683594 0.77827381 0.76074219 0.7827381 0.76269531 0.78125 0.75976562 0.77380952 0.76367188 0.77232143 0.76171875 0.76934524 0.75683594 0.77529762 0.75683594 0.76488095 0.75 0.75744048 0.71679688 0.75595238 0.6953125 0.75744048 0.69140625 0.76190476 0.67578125 0.75595238 0.65039062 0.75744048 0.67285156 0.75744048 0.69042969 0.76339286 0.69042969 0.78720238 0.75292969 0.78422619 0.75683594 0.77827381
3 0.08398438 0.82886905 0.09375 0.78869048 0.08007812 0.78869048 0.07910156 0.82738095 0.08398438 0.82886905
3 0.74511719 0.82440476 0.75195312 0.82886905 0.75195312 0.78869048 0.74023438 0.78720238 0.73632812 0.78869048 0.74511719 0.82440476
6 0.02148438 0.63244048 0.04589844 0.7514881 0.05566406 0.77529762 0.07519531 0.7827381 0.08398438 0.79464286 0.08105469 0.80803571 0.08691406 0.80654762 0.08691406 0.8139881 0.08203125 0.82142857 0.0859375 0.81994048 0.09511719 0.78571429 0.74804688 0.78422619 0.75097656 0.78869048 0.76953125 0.7797619 0.77734375 0.76934524 0.79003906 0.71279762 0.79101562 0.70238095 0.78808594 0.69940476 0.796875 0.69345238 0.79199219 0.6860119 0.79394531 0.68303571 0.80078125 0.6889881 0.80078125 0.69345238 0.80566406 0.69196429 0.80664062 0.68154762 0.81054688 0.69196429 0.81445312 0.6875 0.81347656 0.69642857 0.81835938 0.69196429 0.81152344 0.68154762 0.79785156 0.67410714 0.80371094 0.65029762 0.80566406 0.61607143 0.81054688 0.60119048 0.80664062 0.58333333 0.79980469 0.57738095 0.78613281 0.57589286 0.73925781 0.57738095 0.74316406 0.54761905 0.75195312 0.51785714 0.75195312 0.50744048 0.74804688 0.5 0.75488281 0.4375 0.75097656 0.42857143 0.73925781 0.43154762 0.71972656 0.44642857 0.69238281 0.45386905 0.35253906 0.45833333 0.17089844 0.45386905 0.14257812 0.44642857 0.10644531 0.42857143 0.10253906 0.44940476 0.109375 0.50446429 0.1015625 0.51190476 0.11328125 0.54613095 0.1171875 0.58184524 0.04492188 0.57589286 0.02734375 0.57886905 0.02050781 0.58779762 0.01855469 0.60714286 0.02148438 0.63244048
