6 0.3076121 0.35013032 0.30135558 0.37706342 0.26903024 0.3753258 0.24087591 0.38140747 0.15328467 0.38575152 0.10740355 0.39357081 0.08446298 0.39357081 0.08133472 0.39617724 0.08133472 0.40399652 0.09489051 0.43614248 0.1261731 0.54735013 0.17413973 0.55864466 0.29092805 0.57428323 0.41397289 0.59513467 0.47028154 0.60816681 0.4911366 0.60990443 0.50052138 0.61859253 0.51929093 0.6159861 0.65589155 0.64031277 0.66319082 0.64378801 0.66527633 0.64900087 0.67153285 0.65073849 0.68196038 0.64639444 0.70177268 0.64639444 0.725756 0.63683753 0.83211679 0.59339705 0.84880083 0.57949609 0.87799791 0.52128584 0.90406674 0.45438749 0.91657977 0.39878367 0.91449426 0.38835795 0.90719499 0.38748914 0.86548488 0.39704605 0.82377477 0.38835795 0.79770594 0.38662033 0.79457769 0.3840139 0.79979145 0.3753258 0.79770594 0.37185056 0.72679875 0.37271937 0.67049009 0.36490009 0.6527633 0.35794961 0.64859228 0.35968723 0.64859228 0.37966985 0.64442127 0.3840139 0.62565172 0.38314509 0.61001043 0.38748914 0.59645464 0.38662033 0.58915537 0.38314509 0.59749739 0.3657689 0.59541189 0.36490009 0.5265902 0.36750652 0.49009385 0.36403128 0.47966632 0.36055604 0.46819604 0.37880104 0.41501564 0.37966985 0.39937435 0.37706342 0.40563087 0.35447437 0.40354536 0.34926151 0.3983316 0.34926151 0.37539103 0.35534318 0.3076121 0.35013032
0 0.65589155 0.36055604 0.65172054 0.36837533 0.64754953 0.3657689 0.64859228 0.36924414 0.65589155 0.36924414 0.6548488 0.3840139 0.65067779 0.39357081 0.64337852 0.38488271 0.637122 0.38314509 0.58706986 0.38748914 0.5620438 0.43874891 0.55683003 0.46133797 0.55891554 0.47002606 0.58394161 0.47523892 0.6016684 0.47437011 0.60896767 0.47002606 0.61626694 0.47002606 0.62252346 0.47089487 0.62669447 0.47697654 0.68300313 0.48392702 0.6923879 0.47437011 0.72158498 0.42745439 0.75078206 0.42745439 0.77789364 0.42137272 0.79666319 0.42224153 0.79979145 0.41702867 0.80709072 0.42050391 0.82273201 0.41876629 0.83107404 0.41268462 0.83315954 0.41615986 0.83733055 0.41615986 0.84045881 0.41007819 0.8362878 0.40052129 0.84880083 0.40052129 0.84775808 0.39530843 0.85297185 0.39791486 0.84984359 0.39357081 0.84150156 0.392702 0.83733055 0.39530843 0.83211679 0.39009557 0.80604797 0.38662033 0.79249218 0.38922676 0.78936392 0.38314509 0.78206465 0.38314509 0.78727842 0.39096438 0.77893639 0.39704605 0.77580813 0.37358818 0.77163712 0.3840139 0.77059437 0.3753258 0.7653806 0.37271937 0.72679875 0.37358818 0.71324296 0.36924414 0.67153285 0.36490009 0.65172054 0.35794961 0.64963504 0.35794961 0.65067779 0.36229366 0.65589155 0.36055604
0 0.39207508 0.42571677 0.39207508 0.45264987 0.42961418 0.45178106 0.44004171 0.44743701 0.46506778 0.38314509 0.45985401 0.37880104 0.45881126 0.37880104 0.4004171 0.37966985 0.39207508 0.42571677
5 0.19395203 0.46307559 0.14911366 0.48045178 0.14077164 0.48740226 0.13660063 0.49782798 0.15745568 0.50651607 0.18769552 0.51172893 0.2721585 0.51954822 0.29509906 0.52736751 0.34827946 0.53084275 0.4379562 0.54561251 0.44942649 0.54126846 0.46298227 0.54995656 0.52450469 0.55864466 0.53284672 0.56298871 0.5620438 0.56733275 0.60375391 0.57080799 0.62877998 0.57688966 0.65172054 0.57602085 0.66736184 0.56385752 0.66423358 0.49348393 0.66110532 0.50738488 0.65693431 0.4995656 0.64963504 0.49869679 0.64650678 0.50304083 0.64546403 0.49435274 0.65172054 0.48913988 0.65067779 0.48392702 0.64650678 0.48392702 0.64754953 0.48827107 0.64337852 0.48653345 0.64025026 0.49000869 0.63607925 0.48132059 0.62669447 0.48653345 0.62460897 0.48045178 0.61209593 0.48132059 0.60583942 0.47697654 0.58915537 0.47610773 0.57142857 0.47958297 0.54327424 0.47437011 0.54118874 0.47002606 0.53180396 0.46741964 0.52137643 0.46741964 0.50990615 0.46307559 0.46611053 0.45612511 0.40771637 0.45264987 0.36183525 0.45873154 0.35870699 0.45178106 0.34827946 0.45351868 0.34306569 0.44917463 0.31803962 0.4465682 0.31074035 0.4465682 0.25547445 0.45004344 0.19395203 0.46307559
2 0.87591241 0.39704605 0.85088634 0.41529105 0.8362878 0.4196351 0.79666319 0.42484796 0.76225235 0.42484796 0.74869656 0.42919201 0.725756 0.4283232 0.72054223 0.43179844 0.68404588 0.49174631 0.6725756 0.52389227 0.66840459 0.54387489 0.66631908 0.58992181 0.66110532 0.59947871 0.66110532 0.63770634 0.67778936 0.63944396 0.68196038 0.64465682 0.70490094 0.64465682 0.83420229 0.59252824 0.84671533 0.58210252 0.85714286 0.56559513 0.88738269 0.4995656 0.90406674 0.45438749 0.91136601 0.42484796 0.91032325 0.41355343 0.91449426 0.39530843 0.9092805 0.39357081 0.90719499 0.39617724 0.89885297 0.39530843 0.89259645 0.39791486 0.88425443 0.39357081 0.88321168 0.39357081 0.88321168 0.39878367 0.87591241 0.39704605
4 0.14077164 0.38662033 0.10636079 0.39357081 0.08550574 0.392702 0.08133472 0.39530843 0.08029197 0.40225891 0.09384776 0.43353606 0.1261731 0.54735013 0.14181439 0.55082537 0.15224192 0.54995656 0.14702815 0.54995656 0.14285714 0.54039965 0.13972888 0.53953084 0.1438999 0.52910513 0.1438999 0.51433536 0.14911366 0.50825369 0.15015641 0.50130321 0.13660063 0.50130321 0.13138686 0.49782798 0.13868613 0.48740226 0.15328467 0.47523892 0.1991658 0.45873154 0.25234619 0.44830582 0.28258603 0.44569939 0.28571429 0.43092963 0.28362878 0.38835795 0.27528676 0.3753258 0.26903024 0.3753258 0.24191867 0.38140747 0.14077164 0.38662033
3 0.38164755 0.59165943 0.36392075 0.58818419 0.36079249 0.58818419 0.3649635 0.59252824 0.38164755 0.59165943
3 0.48592284 0.61251086 0.48175182 0.60903562 0.46923879 0.60816681 0.46506778 0.60816681 0.47549531 0.61251086 0.48592284 0.61251086
3 0.20959333 0.56559513 0.19708029 0.56125109 0.16261587 0.55737063 0.17831074 0.56472632 0.20437956 0.56472632 0.2168926 0.56733275 0.21272158 0.56385752 0.20959333 0.56559513
3 0.59124088 0.63596872 0.6016684 0.6342311 0.61418144 0.63857515 0.62565172 0.63683753 0.60583942 0.63075586 0.58811262 0.62901825 0.58289885 0.62901825 0.5818561 0.63336229 0.59124088 0.63596872
