5 0.17413973 0.47437011 0.15119917 0.48566464 0.14702815 0.48392702 0.13868613 0.48740226 0.13764338 0.50130321 0.13451512 0.49695917 0.13034411 0.50130321 0.1261731 0.50130321 0.12513034 0.50477845 0.12930136 0.50304083 0.13242961 0.50999131 0.12304484 0.51607298 0.12200209 0.52041703 0.12304484 0.52302346 0.12721585 0.52215465 0.1261731 0.53258036 0.13660063 0.53779322 0.14077164 0.53344917 0.14494265 0.53866203 0.13555787 0.5447437 0.14077164 0.5534318 0.13972888 0.55777585 0.15328467 0.55777585 0.17518248 0.56993918 0.18248175 0.56385752 0.19082377 0.56385752 0.22732013 0.56993918 0.31386861 0.57775847 0.32012513 0.58470895 0.3274244 0.57775847 0.33472367 0.58123371 0.35557873 0.58297133 0.35870699 0.58818419 0.36809176 0.58818419 0.37226277 0.58470895 0.50469239 0.60295395 0.51303441 0.60121633 0.51824818 0.58731538 0.52033368 0.59339705 0.51720542 0.5986099 0.52137643 0.60382276 0.52763295 0.60556038 0.5641293 0.607298 0.57247132 0.61077324 0.63190824 0.61685491 0.65067779 0.62119896 0.73201251 0.62901825 0.73409802 0.63509991 0.73826903 0.63683753 0.74661105 0.63075586 0.75808133 0.63162467 0.76120959 0.62728063 0.76433785 0.63336229 0.76642336 0.63249348 0.76642336 0.62641182 0.73722628 0.62380539 0.73618352 0.62119896 0.73931178 0.61946134 0.73201251 0.60990443 0.73618352 0.58210252 0.74139729 0.58123371 0.73826903 0.57341442 0.74348279 0.56559513 0.74348279 0.54300608 0.75912409 0.50217202 0.75703858 0.49782798 0.74973931 0.49435274 0.69760167 0.48479583 0.61313869 0.48132059 0.59124088 0.48566464 0.57559958 0.48132059 0.51720542 0.47610773 0.41084463 0.4735013 0.38998957 0.46655083 0.36704901 0.46481321 0.34306569 0.45873154 0.26173097 0.45438749 0.26068822 0.45438749 0.2168926 0.46220678 0.17413973 0.47437011
0 0.29509906 0.39096438 0.27737226 0.38922676 0.25755996 0.38227628 0.25026069 0.38488271 0.26590198 0.45004344 0.27007299 0.45264987 0.31282586 0.45438749 0.36809176 0.46220678 0.37956204 0.46133797 0.38581856 0.46481321 0.42335766 0.47263249 0.51094891 0.47437011 0.57455683 0.47958297 0.59228363 0.48392702 0.60688217 0.4821894 0.61418144 0.47784535 0.62982273 0.47784535 0.64025026 0.48132059 0.6923879 0.48305821 0.76120959 0.49174631 0.7831074 0.46481321 0.81751825 0.44135534 0.82168926 0.43440487 0.83524505 0.43961772 0.83941606 0.43614248 0.84880083 0.43614248 0.85505735 0.43179844 0.86548488 0.43092963 0.86965589 0.42658558 0.87904067 0.42658558 0.8915537 0.42137272 0.88112617 0.42137272 0.86339937 0.41442224 0.8362878 0.410947 0.79144943 0.41181581 0.78832117 0.40573414 0.79562044 0.39009557 0.79353493 0.38662033 0.77059437 0.39009557 0.71324296 0.39009557 0.67778936 0.38575152 0.66423358 0.38140747 0.66110532 0.38314509 0.66006257 0.40486533 0.65067779 0.410947 0.64442127 0.40834057 0.64546403 0.40052129 0.64025026 0.39791486 0.62565172 0.39791486 0.61209593 0.4013901 0.58498436 0.39878367 0.58289885 0.39183319 0.58811262 0.3840139 0.58706986 0.37966985 0.54744526 0.38488271 0.48800834 0.38575152 0.47028154 0.38227628 0.46298227 0.38922676 0.43899896 0.39704605 0.40145985 0.39009557 0.40771637 0.36924414 0.35557873 0.37185056 0.30448384 0.36142485 0.30344108 0.36055604 0.30031283 0.36229366 0.29509906 0.39096438
2 0.88738269 0.42919201 0.88008342 0.42745439 0.87591241 0.43006082 0.86548488 0.43006082 0.85922836 0.43614248 0.85505735 0.43527368 0.83524505 0.44309296 0.82898853 0.44309296 0.82377477 0.43961772 0.81230448 0.45178106 0.79562044 0.45786273 0.77893639 0.4735013 0.76120959 0.50130321 0.74452555 0.5447437 0.74661105 0.56385752 0.73931178 0.57428323 0.73514077 0.61946134 0.73722628 0.62554301 0.74244004 0.62554301 0.74348279 0.62988705 0.76120959 0.6342311 0.77893639 0.63249348 0.83420229 0.59600348 0.8540146 0.57862728 0.88008342 0.52736751 0.91449426 0.44569939 0.91449426 0.41789748 0.90302398 0.41789748 0.89885297 0.41789748 0.88633994 0.42484796 0.88738269 0.42919201
4 0.21272158 0.38662033 0.11887383 0.39965248 0.08029197 0.40052129 0.12304484 0.53344917 0.13660063 0.55777585 0.15224192 0.55516942 0.15224192 0.52476108 0.15849844 0.51433536 0.15224192 0.51172893 0.15015641 0.50651607 0.14285714 0.50651607 0.13972888 0.50304083 0.15119917 0.48740226 0.18248175 0.47089487 0.22523462 0.45873154 0.26173097 0.45351868 0.26068822 0.43874891 0.24921794 0.39617724 0.24087591 0.3840139 0.23879041 0.3840139 0.22732013 0.38835795 0.21272158 0.38662033
3 0.181439 0.56733275 0.17935349 0.56385752 0.17309698 0.56298871 0.16475495 0.56298871 0.16892596 0.56907037 0.181439 0.56733275
3 0.55995829 0.61685491 0.56830031 0.61511729 0.56934307 0.61164205 0.5641293 0.60903562 0.56100104 0.60903562 0.55370177 0.61251086 0.55995829 0.61685491
3 0.73305527 0.63857515 0.7455683 0.63683753 0.7455683 0.63336229 0.73826903 0.63075586 0.73722628 0.62988705 0.73096976 0.63162467 0.73305527 0.63857515
3 0.35870699 0.59079062 0.37122002 0.589053 0.36809176 0.58557776 0.35245047 0.58384014 0.35140772 0.58384014 0.34932221 0.58470895 0.35870699 0.59079062
3 0.31178311 0.58210252 0.31908238 0.58557776 0.32533889 0.58470895 0.32846715 0.5803649 0.32429614 0.57775847 0.32221064 0.57775847 0.31491137 0.57862728 0.31178311 0.58210252
6 0 0.99913119 0.99895725 0.99913119 0.99895725 0 0.9937268 0 0 0 0 0.99913119
