0 0.23144531 0.46920821 0.26367188 0.46041056 0.27050781 0.46334311 0.26660156 0.54252199 0.27929688 0.58357771 0.28515625 0.59090909 0.34375 0.59530792 0.38183594 0.60997067 0.44238281 0.59384164 0.53320312 0.59384164 0.57617188 0.60557185 0.59082031 0.61583578 0.59667969 0.6085044 0.63183594 0.59677419 0.68847656 0.59384164 0.70117188 0.54398827 0.70703125 0.45454545 0.72363281 0.4516129 0.734375 0.45894428 0.75878906 0.46187683 0.78320312 0.45601173 0.78613281 0.44281525 0.78417969 0.42815249 0.59765625 0.42815249 0.59667969 0.4516129 0.59277344 0.45601173 0.58789062 0.42815249 0.41992188 0.42815249 0.40429688 0.42961877 0.39941406 0.43548387 0.39355469 0.42961877 0.36914062 0.42815249 0.21289062 0.43108504 0.21289062 0.46774194 0.23144531 0.46920821
5 0.25 0.68328446 0.34570312 0.68181818 0.35839844 0.67888563 0.36914062 0.6686217 0.38183594 0.67888563 0.40136719 0.68328446 0.55957031 0.68475073 0.58203125 0.68035191 0.59765625 0.67155425 0.6015625 0.68035191 0.60644531 0.67741935 0.60839844 0.68181818 0.61328125 0.68181818 0.61816406 0.6744868 0.62792969 0.68328446 0.63085938 0.67595308 0.6328125 0.68328446 0.63476562 0.6744868 0.63867188 0.68181818 0.63769531 0.6744868 0.64648438 0.67155425 0.66992188 0.67595308 0.67578125 0.68181818 0.68066406 0.67008798 0.69726562 0.68181818 0.70605469 0.6686217 0.70996094 0.67741935 0.70703125 0.68181818 0.70996094 0.68328446 0.73632812 0.68328446 0.73828125 0.67888563 0.74121094 0.68328446 0.73828125 0.67595308 0.74316406 0.67595308 0.74804688 0.68328446 0.74804688 0.67595308 0.7578125 0.66715543 0.76269531 0.66715543 0.765625 0.67302053 0.765625 0.6627566 0.77441406 0.6627566 0.77832031 0.6686217 0.77246094 0.6744868 0.77539062 0.68181818 0.77734375 0.6744868 0.78515625 0.66715543 0.7890625 0.66715543 0.79101562 0.67595308 0.81933594 0.67595308 0.82421875 0.67008798 0.82617188 0.64516129 0.82617188 0.63343109 0.81933594 0.62170088 0.77148438 0.60117302 0.73535156 0.59530792 0.63769531 0.59824047 0.60058594 0.61290323 0.59472656 0.6202346 0.55371094 0.59824047 0.52734375 0.59530792 0.42089844 0.59824047 0.38378906 0.61876833 0.36621094 0.60557185 0.34570312 0.59824047 0.234375 0.59530792 0.21191406 0.59824047 0.17089844 0.61290323 0.14941406 0.62609971 0.14746094 0.63489736 0.14746094 0.66568915 0.15820312 0.67741935 0.17773438 0.68181818 0.25 0.68328446
4 0.15039062 0.62609971 0.18066406 0.60557185 0.18652344 0.55571848 0.17578125 0.52346041 0.15722656 0.52052786 0.14746094 0.52639296 0.14648438 0.62316716 0.15039062 0.62609971
2 0.79394531 0.6026393 0.81054688 0.61730205 0.82421875 0.62170088 0.83105469 0.63929619 0.82910156 0.62756598 0.83300781 0.6085044 0.83398438 0.54398827 0.83203125 0.52492669 0.82714844 0.52052786 0.796875 0.52492669 0.79296875 0.5542522 0.79394531 0.6026393
1 0.671875 0.74926686 0.67792969 0.74780059 0.67773438 0.73313783 0.68198822 0.72675083 0.66113281 0.728739 0.59863281 0.72434018 0.59375 0.70967742 0.59667969 0.69061584 0.59472656 0.68621701 0.39355469 0.68621701 0.38085938 0.68181818 0.20410156 0.68475073 0.14550781 0.68035191 0.12792969 0.68768328 0.12695312 0.74046921 0.12890625 0.74486804 0.14257812 0.74780059 0.21484375 0.74486804 0.671875 0.74926686
1 0.83496094 0.70674487 0.828125 0.70527859 0.81152344 0.70967742 0.80664062 0.71407625 0.80664062 0.7228739 0.79980469 0.72727273 0.75585938 0.72580645 0.75829748 0.74923517 0.83691406 0.75073314 0.84570312 0.74633431 0.84277344 0.70527859 0.83789062 0.71407625 0.83496094 0.70674487
1 0.73144531 0.72727273 0.72265625 0.7228739 0.68622004 0.72634741 0.69238281 0.72727273 0.68300781 0.74780059 0.74708053 0.74902144 0.74804688 0.72580645 0.73925781 0.7228739 0.73144531 0.72727273
3 0.20019531 0.75733138 0.20019531 0.78152493 0.20214844 0.78592375 0.20898438 0.78592375 0.2109375 0.75073314 0.20117188 0.74780059 0.20996094 0.75513196 0.20019531 0.75733138
3 0.82324219 0.75953079 0.81640625 0.75366569 0.81054688 0.75513196 0.82421875 0.76099707 0.83300781 0.78005865 0.83300781 0.8372434 0.83789062 0.84017595 0.84179688 0.83870968 0.84277344 0.82991202 0.84179688 0.78739003 0.83886719 0.7829912 0.84179688 0.76979472 0.83398438 0.77859238 0.83300781 0.76832845 0.828125 0.76099707 0.83105469 0.75659824 0.84179688 0.76099707 0.8359375 0.75366569 0.82226562 0.75366569 0.82324219 0.75953079
3 0.79394531 0.79032258 0.796875 0.78152493 0.796875 0.75806452 0.79492188 0.75219941 0.78710938 0.75219941 0.78613281 0.78739003 0.79394531 0.79032258
3 0.13769531 0.83431085 0.14160156 0.8313783 0.14257812 0.76246334 0.1640625 0.74926686 0.15917969 0.75219941 0.15771484 0.74780059 0.15527344 0.75366569 0.15234375 0.74780059 0.15136719 0.75513196 0.14746094 0.75659824 0.14697266 0.74780059 0.13085938 0.74780059 0.12988281 0.82697947 0.13769531 0.83431085
6 0 0.95307918 0.08789062 0.95454545 0.09082031 0.97947214 0.08886719 0.98826979 0.08105469 0.9941349 0.08789062 0.99560117 0.09375 0.98973607 0.10253906 0.9941349 0.10546875 0.98680352 0.10839844 0.99560117 0.11914062 0.99853372 0.12597656 0.99560117 0.12695312 0.98973607 0.13085938 0.9941349 0.13476562 0.98826979 0.13671875 0.9941349 0.16796875 0.99560117 0.17675781 0.98826979 0.18554688 0.98973607 0.18847656 0.97653959 0.19628906 0.98387097 0.19726562 0.9941349 0.20117188 0.9941349 0.20214844 0.98826979 0.20507812 0.9941349 0.21289062 0.9941349 0.21972656 0.98680352 0.2265625 0.9941349 0.22949219 0.98826979 0.234375 0.9941349 0.24121094 0.9941349 0.24414062 0.98826979 0.25 0.99560117 0.26660156 0.9941349 0.27148438 0.98826979 0.29296875 0.9941349 0.29785156 0.9941349 0.29882812 0.98973607 0.30273438 0.9941349 0.32617188 0.9941349 0.32714844 0.98826979 0.32910156 0.99266862 0.33886719 0.9941349 0.34277344 0.98973607 0.35351562 0.9941349 0.35546875 0.98826979 0.36035156 0.99560117 0.41113281 0.99120235 0.42285156 0.9941349 0.42480469 0.98826979 0.43164062 0.99560117 0.43945312 0.98826979 0.44238281 0.99560117 0.45410156 0.99560117 0.47753906 0.98387097 0.48632812 0.99560117 0.50390625 0.99560117 0.5078125 0.98973607 0.5078125 0.9941349 0.51855469 0.99120235 0.52246094 0.98533724 0.52636719 0.98680352 0.52636719 0.9941349 0.53222656 0.99560117 0.54589844 0.9941349 0.54980469 0.98826979 0.55371094 0.9941349 0.5625 0.9941349 0.56445312 0.98826979 0.56640625 0.9941349 0.578125 0.99120235 0.58203125 0.99560117 0.59667969 0.99560117 0.61328125 0.98826979 0.61816406 0.96920821 0.62109375 0.97214076 0.62011719 0.98387097 0.640625 0.99560117 0.66796875 0.99560117 0.671875 0.98973607 0.68554688 0.99266862 0.68847656 0.98826979 0.69921875 0.9941349 0.70800781 0.98387097 0.70605469 0.9941349 0.71484375 0.98680352 0.71289062 0.99560117 0.71777344 0.99120235 0.734375 0.9941349 0.73242188 0.98973607 0.73730469 0.99120235 0.74121094 0.98533724 0.74804688 0.98533724 0.75195312 0.9941349 0.76757812 0.98533724 0.77832031 0.99560117 0.79296875 0.9941349 0.79589844 0.98826979 0.80957031 0.99266862 0.81445312 0.98826979 0.81738281 0.99560117 0.84863281 0.99266862 0.8515625 0.98826979 0.8671875 0.9941349 0.86914062 0.98680352 0.87597656 0.99560117 0.89355469 0.99266862 0.89648438 0.98826979 0.90039062 0.9941349 0.91601562 0.99560117 0.92285156 0.99560117 0.92480469 0.99120235 0.94042969 0.9941349 0.94140625 0.98973607 0.95019531 0.98826979 0.95898438 0.9941349 0.97949219 0.9941349 0.98828125 0.98093842 0.99902344 0.97360704 0.99902344 0.73167155 0.99414062 0.72727273 0.86425781 0.72580645 0.86523438 0.6085044 0.94921875 0.60410557 0.99902344 0.60703812 0.99902344 0 0 0 0 0.95307918
