5 0.19238281 0.81944444 0.86230469 0.82465278 0.86914062 0.81597222 0.86914062 0.76388889 0.87304688 0.75694444 0.86816406 0.73784722 0.85253906 0.71701389 0.83886719 0.71180556 0.8359375 0.70486111 0.8203125 0.70833333 0.81152344 0.70486111 0.80664062 0.69618056 0.80273438 0.70138889 0.79394531 0.69097222 0.7890625 0.70833333 0.78125 0.70659722 0.7887373 0.69097222 0.77636719 0.69965278 0.77832031 0.69097222 0.7578125 0.73263889 0.71191406 0.73263889 0.71484375 0.72222222 0.70898438 0.71875 0.70996094 0.72916667 0.70605469 0.734375 0.65429688 0.734375 0.63476562 0.72916667 0.62695312 0.72916667 0.62402344 0.734375 0.59863281 0.734375 0.59570312 0.71006944 0.59765625 0.69444444 0.60253906 0.68923611 0.59863281 0.69270833 0.59179688 0.68402778 0.578125 0.68229167 0.5390625 0.68229167 0.53222656 0.67361111 0.52246094 0.67361111 0.515625 0.68055556 0.45800781 0.68229167 0.42382812 0.69444444 0.39746094 0.68055556 0.31445312 0.68576389 0.30859375 0.67708333 0.29882812 0.67534722 0.22265625 0.70659722 0.20410156 0.703125 0.18164062 0.72569444 0.18164062 0.80208333 0.19238281 0.81944444
0 0.37109375 0.59895833 0.38085938 0.59895833 0.38378906 0.61805556 0.39160156 0.61284722 0.390625 0.60416667 0.39648438 0.60763889 0.39648438 0.62847222 0.390625 0.640625 0.39453125 0.640625 0.39648438 0.64930556 0.38964844 0.65451389 0.39550781 0.65798611 0.38574219 0.67534722 0.390625 0.671875 0.39550781 0.67708333 0.39746094 0.66840278 0.40039062 0.67534722 0.41601562 0.66666667 0.41894531 0.59548611 0.41601562 0.54513889 0.34179688 0.54513889 0.33988715 0.56381173 0.35742188 0.56770833 0.35839844 0.57465278 0.37011719 0.56770833 0.37597656 0.59027778 0.37109375 0.59895833
0 0.18261719 0.59895833 0.19238281 0.60590278 0.20410156 0.63194444 0.21191406 0.69444444 0.21777344 0.703125 0.3046875 0.671875 0.31152344 0.66493056 0.31445312 0.65104167 0.31054688 0.63020833 0.3125 0.58680556 0.31152344 0.55555556 0.30859375 0.54861111 0.25585938 0.5625 0.17480469 0.55381944 0.17089844 0.57638889 0.18261719 0.59895833
0 0.51855469 0.671875 0.53613281 0.67013889 0.54003906 0.65972222 0.53515625 0.59548611 0.5390625 0.58680556 0.60058594 0.59027778 0.60449219 0.59895833 0.61914062 0.60069444 0.63085938 0.59201389 0.6328125 0.58333333 0.65039062 0.58333333 0.65722656 0.58854167 0.69238281 0.57465278 0.6953125 0.58680556 0.69433594 0.61631944 0.70410156 0.62326389 0.6953125 0.64930556 0.703125 0.671875 0.74902344 0.67881944 0.75683594 0.67534722 0.75878906 0.66666667 0.76269531 0.67534722 0.7734375 0.68229167 0.82714844 0.69791667 0.83398438 0.69097222 0.83105469 0.66493056 0.83398438 0.61979167 0.84863281 0.56597222 0.84472656 0.55555556 0.7578125 0.5625 0.70117188 0.54513889 0.6953125 0.54513889 0.68847656 0.55729167 0.68457031 0.54861111 0.51367188 0.54861111 0.50976562 0.58159722 0.50976562 0.64583333 0.51855469 0.671875
4 0.18945312 0.84548611 0.18847656 0.82291667 0.1796875 0.80381944 0.1796875 0.73090278 0.1953125 0.70833333 0.20898438 0.70138889 0.20410156 0.64409722 0.19433594 0.61284722 0.18457031 0.60416667 0.14648438 0.61284722 0.13964844 0.625 0.140625 0.84375 0.18945312 0.84548611
2 0.8359375 0.70138889 0.85742188 0.71701389 0.87011719 0.73784722 0.87109375 0.80902778 0.86425781 0.828125 0.86425781 0.85243056 0.91113281 0.84895833 0.91210938 0.79166667 0.90917969 0.78298611 0.91308594 0.77430556 0.91210938 0.625 0.90527344 0.61631944 0.8515625 0.60069444 0.84082031 0.60069444 0.83496094 0.61111111 0.83300781 0.64409722 0.8359375 0.70138889
1 0.19140625 0.82118056 0.19140625 0.84722222 0.23535156 0.85069444 0.64470016 0.85201041 0.64648438 0.82638889 0.19140625 0.82118056
1 0.84472656 0.828125 0.70703125 0.82638889 0.70799969 0.85221391 0.77539062 0.85243056 0.84277344 0.85763889 0.86035156 0.85069444 0.859375 0.83159722 0.84472656 0.828125
6 0 0.99826389 0.99902344 0.99826389 0.99902344 0.68769271 0.99609375 0.68055556 0.99902344 0.67881944 0.98535156 0.67013889 0.98828125 0.66145833 0.98632812 0.65625 0.99121094 0.65625 0.98828125 0.59548611 0.99902344 0.59548611 0.99902344 0 0 0 0 0.99826389
3 0.16210938 0.85243056 0.16601562 0.85416667 0.16699219 0.85590278 0.18066406 0.85590278 0.18457031 0.85243056 0.18359375 0.84895833 0.16210938 0.84895833 0.16210938 0.85243056
3 0.8515625 0.86284722 0.85351562 0.86284722 0.85449219 0.86458333 0.87011719 0.86458333 0.87304688 0.86111111 0.87304688 0.85763889 0.8515625 0.85763889 0.85058594 0.859375 0.8515625 0.86284722
3 0.62402344 0.85763889 0.62597656 0.86111111 0.62792969 0.86111111 0.62890625 0.86284722 0.63085938 0.86284722 0.63183594 0.86111111 0.63574219 0.86284722 0.63769531 0.86284722 0.63867188 0.86111111 0.64550781 0.86111111 0.64746094 0.85763889 0.64648438 0.85416667 0.64453125 0.85243056 0.63834668 0.85243056 0.63476562 0.86111111 0.63216113 0.85243056 0.62597656 0.85243056 0.62402344 0.85590278 0.62402344 0.85763889
3 0.39648438 0.85590278 0.40039062 0.859375 0.4140625 0.859375 0.41503906 0.85763889 0.41992188 0.85763889 0.42089844 0.85590278 0.41992188 0.85243056 0.41796875 0.85243056 0.41699219 0.85069444 0.39648438 0.85069444 0.39648438 0.85590278
