6 0 0.99913119 0.99895725 0.99913119 0.99895725 0 0 0 0 0.99913119
5 0.86131387 0.5716768 0.86652763 0.56385752 0.84880083 0.51346655 0.83837331 0.49522155 0.82168926 0.49695917 0.77059437 0.48913988 0.76225235 0.54995656 0.76120959 0.58992181 0.86131387 0.5716768
5 0.08446298 0.53344917 0.10218978 0.53779322 0.72367049 0.5986099 0.74035454 0.59687228 0.74661105 0.59079062 0.75599583 0.50477845 0.75599583 0.49174631 0.75182482 0.48827107 0.26694473 0.45786273 0.20020855 0.45786273 0.11991658 0.46481321 0.0907195 0.47002606 0.08133472 0.47871416 0.08133472 0.52910513 0.08446298 0.53344917
0 0.44212722 0.46481321 0.60583942 0.47871416 0.67778936 0.48045178 0.68717414 0.48392702 0.73409802 0.48740226 0.75286757 0.48479583 0.75808133 0.45612511 0.85922836 0.48045178 0.85922836 0.4995656 0.8717414 0.52215465 0.87591241 0.52128584 0.88008342 0.51086012 0.91762252 0.36663771 0.91762252 0.35621199 0.91240876 0.3483927 0.90406674 0.34057341 0.8915537 0.33883579 0.32429614 0.31885317 0.27737226 0.32059079 0.26173097 0.35621199 0.23357664 0.45438749 0.44212722 0.46481321
2 0.74452555 0.5986099 0.73826903 0.5986099 0.74765381 0.60382276 0.73931178 0.67332754 0.74139729 0.68114683 0.74765381 0.67767159 0.75182482 0.64813206 0.77059437 0.45091225 0.77789364 0.44309296 0.82064651 0.44135534 0.82377477 0.44396177 0.86965589 0.56298871 0.86027112 0.57515204 0.87591241 0.57949609 0.89676747 0.63683753 0.90302398 0.63683753 0.85297185 0.49435274 0.86965589 0.44917463 0.86757039 0.4378801 0.87591241 0.43440487 0.87904067 0.4283232 0.86339937 0.42484796 0.76850886 0.4283232 0.76225235 0.45178106 0.74869656 0.59426586 0.74452555 0.5986099
3 0.08863399 0.55690704 0.08446298 0.60034752 0.08654849 0.60642919 0.09176225 0.60556038 0.09801877 0.54387489 0.09593326 0.53866203 0.09384776 0.53866203 0.0907195 0.54039965 0.08863399 0.55690704
4 0.09176225 0.60208514 0.09593326 0.54126846 0.09280501 0.54126846 0.08654849 0.60556038 0.09176225 0.60208514
3 0.27841502 0.57775847 0.27945777 0.5716768 0.26903024 0.55516942 0.26485923 0.55516942 0.2721585 0.57428323 0.27841502 0.57775847
4 0.10114703 0.39530843 0.1084463 0.39791486 0.10323253 0.40920938 0.09801877 0.46568202 0.10323253 0.46655083 0.10636079 0.4639444 0.10948905 0.41529105 0.11574557 0.40312772 0.15954119 0.40052129 0.17309698 0.40312772 0.20229406 0.45264987 0.21063608 0.4552563 0.20855057 0.44569939 0.22627737 0.41268462 0.22106361 0.39009557 0.21480709 0.38922676 0.20944421 0.38922676 0.10218978 0.38922676 0.10114703 0.39530843
3 0.5088634 0.61772372 0.51511992 0.6159861 0.51616267 0.57949609 0.51303441 0.57775847 0.50782065 0.57775847 0.50469239 0.6159861 0.5088634 0.61772372
