6 0.07324219 0.70381232 0.07324219 0.79618768 0.07617188 0.80791789 0.0859375 0.80791789 0.09082031 0.79912023 0.08691406 0.78005865 0.08789062 0.70967742 0.12988281 0.70087977 0.14257812 0.70674487 0.16015625 0.70381232 0.16308594 0.73020528 0.16796875 0.73313783 0.17480469 0.73020528 0.17480469 0.71847507 0.16308594 0.70821114 0.18359375 0.70087977 0.24316406 0.70087977 0.25292969 0.70527859 0.26855469 0.70087977 0.32324219 0.70527859 0.50976562 0.70087977 0.54296875 0.70527859 0.546875 0.70087977 0.58691406 0.70234604 0.59179688 0.69794721 0.59863281 0.70527859 0.59765625 0.7170088 0.61621094 0.72140762 0.66796875 0.7170088 0.67773438 0.72140762 0.69824219 0.71407625 0.70410156 0.71994135 0.7265625 0.71407625 0.73242188 0.71994135 0.81152344 0.71994135 0.81738281 0.71554252 0.82714844 0.73607038 0.83105469 0.73313783 0.83496094 0.71847507 0.84179688 0.7228739 0.90429688 0.71847507 0.90820312 0.75806452 0.90722656 0.80498534 0.91699219 0.80938416 0.92089844 0.80791789 0.92285156 0.80058651 0.921875 0.73607038 0.92285156 0.71994135 0.92578125 0.7170088 0.92382812 0.71260997 0.92871094 0.70967742 0.92578125 0.69794721 0.92578125 0.66715543 0.92773438 0.63929619 0.93164062 0.63343109 0.92773438 0.62756598 0.92578125 0.59824047 0.92773438 0.46920821 0.92285156 0.45747801 0.82324219 0.45601173 0.81933594 0.4398827 0.81347656 0.4340176 0.61425781 0.43255132 0.60546875 0.43841642 0.58789062 0.43255132 0.40332031 0.43255132 0.38867188 0.43841642 0.38085938 0.4340176 0.22167969 0.43255132 0.18164062 0.43548387 0.17382812 0.45747801 0.09375 0.45601173 0.06933594 0.46041056 0.06835938 0.69061584 0.07324219 0.70381232
0 0.17773438 0.57184751 0.5859375 0.57478006 0.60546875 0.56891496 0.61230469 0.57478006 0.80859375 0.57478006 0.82226562 0.56891496 0.82226562 0.51026393 0.83105469 0.51612903 0.83496094 0.50439883 0.82714844 0.5 0.82421875 0.50733138 0.8203125 0.4941349 0.8203125 0.48533724 0.82421875 0.48093842 0.8203125 0.48093842 0.81835938 0.44134897 0.81347656 0.43548387 0.61035156 0.4340176 0.60546875 0.44134897 0.58984375 0.4340176 0.39746094 0.4340176 0.390625 0.4457478 0.38867188 0.43841642 0.38378906 0.43548387 0.19921875 0.4340176 0.17871094 0.43841642 0.17480469 0.47800587 0.17382812 0.54252199 0.17773438 0.57184751
4 0.07421875 0.70087977 0.10351562 0.69941349 0.10644531 0.69208211 0.10351562 0.6627566 0.10742188 0.65542522 0.10449219 0.63049853 0.10742188 0.6085044 0.11523438 0.59824047 0.1328125 0.59824047 0.15039062 0.59090909 0.16894531 0.57624633 0.16894531 0.51466276 0.17285156 0.46187683 0.16894531 0.45747801 0.10546875 0.45601173 0.07128906 0.45894428 0.06835938 0.46334311 0.06933594 0.69208211 0.07421875 0.70087977
2 0.82617188 0.48973607 0.82617188 0.57624633 0.83496094 0.58504399 0.89257812 0.60997067 0.89257812 0.62170088 0.88964844 0.62609971 0.89355469 0.65982405 0.890625 0.6686217 0.890625 0.69208211 0.90039062 0.69354839 0.90234375 0.69941349 0.921875 0.69648094 0.92480469 0.67888563 0.92285156 0.64369501 0.92578125 0.63343109 0.92285156 0.61583578 0.92578125 0.60997067 0.92675781 0.55278592 0.92480469 0.45894428 0.82617188 0.45601173 0.82226562 0.46041056 0.82324219 0.48387097 0.82617188 0.48973607
5 0.11035156 0.63929619 0.11035156 0.65542522 0.12011719 0.65835777 0.18554688 0.65542522 0.33691406 0.65982405 0.35742188 0.6568915 0.36523438 0.64956012 0.37402344 0.65542522 0.40722656 0.65982405 0.58398438 0.6568915 0.59570312 0.64956012 0.59765625 0.62609971 0.60253906 0.63049853 0.61132812 0.62316716 0.640625 0.62903226 0.64941406 0.63929619 0.65332031 0.63489736 0.66113281 0.63636364 0.6640625 0.64222874 0.66601562 0.64076246 0.66210938 0.63782991 0.67871094 0.63343109 0.68652344 0.62609971 0.68847656 0.63929619 0.6953125 0.64369501 0.69433594 0.65249267 0.703125 0.66422287 0.70898438 0.65542522 0.88085938 0.65835777 0.88671875 0.6568915 0.88867188 0.64809384 0.88867188 0.61876833 0.88574219 0.61143695 0.87597656 0.61143695 0.86914062 0.60410557 0.86523438 0.60703812 0.86230469 0.60117302 0.82421875 0.58357771 0.79003906 0.57917889 0.62988281 0.57917889 0.61230469 0.58064516 0.609375 0.58651026 0.56738281 0.57917889 0.45019531 0.58357771 0.41699219 0.58064516 0.38378906 0.58797654 0.37890625 0.58211144 0.36035156 0.57917889 0.20410156 0.57917889 0.16210938 0.58651026 0.12890625 0.60410557 0.11914062 0.60117302 0.109375 0.61290323 0.10742188 0.63343109 0.11035156 0.63929619
1 0.11035156 0.69941349 0.12011719 0.70087977 0.59277344 0.70087977 0.59667969 0.69794721 0.59765625 0.68328446 0.60058594 0.68328446 0.60449219 0.68768328 0.60253906 0.69794721 0.61230469 0.70381232 0.61132812 0.69501466 0.609375 0.69941349 0.60644531 0.69061584 0.61914062 0.67741935 0.625 0.68328446 0.625 0.67302053 0.63378906 0.68475073 0.63085938 0.6744868 0.62402344 0.67155425 0.63085938 0.66715543 0.65625 0.6686217 0.65429688 0.67888563 0.640625 0.68328446 0.64257812 0.68621701 0.65234375 0.68328446 0.65917969 0.67155425 0.66503906 0.68035191 0.66796875 0.67888563 0.66699219 0.6686217 0.67675781 0.67008798 0.671875 0.68914956 0.67871094 0.68181818 0.6796875 0.69061584 0.68359375 0.69208211 0.68066406 0.70234604 0.68457031 0.69354839 0.6875 0.69794721 0.68554688 0.70234604 0.69238281 0.70087977 0.69921875 0.68328446 0.70605469 0.69354839 0.70898438 0.68768328 0.72167969 0.68621701 0.72265625 0.69061584 0.71386719 0.70234604 0.71875 0.69794721 0.71875 0.70234604 0.72363281 0.70381232 0.72558594 0.68768328 0.73046875 0.68181818 0.73730469 0.69061584 0.74121094 0.68475073 0.74804688 0.69501466 0.74804688 0.70234604 0.88867188 0.69941349 0.88769531 0.66715543 0.88574219 0.66129032 0.87890625 0.65982405 0.70898438 0.65835777 0.70214844 0.66422287 0.70214844 0.6568915 0.62011719 0.6686217 0.61621094 0.67302053 0.60742188 0.6686217 0.6015625 0.6744868 0.58984375 0.66129032 0.56445312 0.65835777 0.40429688 0.65835777 0.36914062 0.65982405 0.36328125 0.66422287 0.359375 0.65982405 0.10839844 0.66129032 0.10839844 0.69501466 0.11035156 0.69941349
3 0.83105469 0.73460411 0.83203125 0.7111437 0.82324219 0.70967742 0.82226562 0.73313783 0.83105469 0.73460411
3 0.17285156 0.73460411 0.17480469 0.70674487 0.1640625 0.70674487 0.16308594 0.73167155 0.17285156 0.73460411
3 0.07617188 0.80938416 0.08496094 0.80938416 0.08886719 0.80351906 0.08789062 0.7186085 0.09472656 0.70674487 0.08789062 0.7111437 0.08691406 0.70381232 0.07324219 0.70527859 0.07324219 0.80351906 0.07617188 0.80938416
3 0.91015625 0.80938416 0.91894531 0.80938416 0.921875 0.80645161 0.92285156 0.79032258 0.92285156 0.73167155 0.91894531 0.7170088 0.92089844 0.70674487 0.91308594 0.70381232 0.90625 0.70967742 0.90625 0.80205279 0.91015625 0.80938416
