0 0.09947917 0.23855422 0.09947917 0.25421687 0.10364583 0.26746988 0.0984375 0.30843373 0.09947917 0.32168675 0.103125 0.32771084 0.12395833 0.42409639 0.1265625 0.45903614 0.1328125 0.48072289 0.1546875 0.46746988 0.1828125 0.46144578 0.30716146 0.45542169 0.34322917 0.46506024 0.3625 0.48433735 0.3703125 0.48674699 0.37447917 0.47831325 0.39166667 0.46506024 0.42447917 0.45301205 0.57077552 0.45180723 0.6125 0.46385542 0.63489583 0.48795181 0.66145833 0.4626506 0.6859375 0.45301205 0.77239583 0.45301205 0.83333333 0.45903614 0.853125 0.46385542 0.87395833 0.47710843 0.88177083 0.40481928 0.884375 0.4 0.8953125 0.34337349 0.9109375 0.3 0.90364583 0.26385542 0.90677083 0.25180723 0.90729167 0.21445783 0.909375 0.21325301 0.909375 0.19518072 0.91145833 0.17228916 0.9140625 0.16506024 0.9140625 0.15060241 0.9078125 0.13614458 0.8765625 0.13855422 0.86979167 0.13373494 0.8546875 0.13493976 0.8375 0.12289157 0.81822917 0.10120482 0.8 0.09156627 0.75677083 0.11445783 0.74635417 0.11325301 0.69947917 0.09277108 0.67760417 0.0746988 0.65416667 0.06385542 0.62604167 0.06385542 0.60885417 0.0746988 0.5875 0.08072289 0.5390625 0.06506024 0.50625 0.06987952 0.46979167 0.06506024 0.409375 0.08192771 0.396875 0.07831325 0.38020833 0.06626506 0.35572917 0.06506024 0.334375 0.07349398 0.26666667 0.11566265 0.24166667 0.11686747 0.21302083 0.10240964 0.1984375 0.10120482 0.18385417 0.11084337 0.1578125 0.13855422 0.10260417 0.14578313 0.09583333 0.15060241 0.0921875 0.16024096 0.09166667 0.1746988 0.09947917 0.23855422
5 0.08541667 0.6 0.08645833 0.61686747 0.08333333 0.63012048 0.0765625 0.63614458 0.08072917 0.63493976 0.08489583 0.64457831 0.0890625 0.64578313 0.08854167 0.65903614 0.0921875 0.69156627 0.1671875 0.69879518 0.83489583 0.69518072 0.89375 0.69156627 0.90364583 0.68554217 0.90989583 0.65903614 0.9140625 0.57108434 0.90833333 0.54819277 0.8890625 0.52168675 0.88802083 0.50722892 0.884375 0.49759036 0.86770833 0.47951807 0.84166667 0.46506024 0.76145833 0.45662651 0.68645833 0.45662651 0.66197917 0.46506024 0.64635417 0.47590361 0.6390625 0.49638554 0.634375 0.50240964 0.62239583 0.47951807 0.61041667 0.46626506 0.59375 0.45903614 0.55572917 0.45421687 0.425 0.45542169 0.39375 0.46626506 0.36666667 0.49759036 0.3578125 0.48072289 0.34635417 0.4686747 0.315625 0.45783133 0.1640625 0.46626506 0.1390625 0.47951807 0.11770833 0.50120482 0.1046875 0.53012048 0.0859375 0.55542169 0.08333333 0.56746988 0.0875 0.59518072 0.08541667 0.6
1 0.07760417 0.80722892 0.08125 0.82048193 0.090625 0.81084337 0.1 0.80963855 0.11510417 0.81566265 0.1328125 0.81204819 0.1671875 0.84216867 0.18697917 0.84096386 0.20260417 0.85542169 0.20729167 0.85060241 0.209375 0.85903614 0.79322917 0.85903614 0.79947917 0.84698795 0.80729167 0.84578313 0.81145833 0.83855422 0.82916667 0.84096386 0.86770833 0.80843373 0.89739583 0.81204819 0.90729167 0.80722892 0.91979167 0.81445783 0.92239583 0.80963855 0.9234375 0.74698795 0.9234375 0.7313253 0.92135417 0.7253012 0.91197917 0.72048193 0.90677083 0.71084337 0.90416667 0.69759036 0.8984375 0.69518072 0.7296875 0.7 0.65989583 0.6939759 0.64375 0.68795181 0.63020833 0.6939759 0.546875 0.69879518 0.41510417 0.69759036 0.35416667 0.69156627 0.32544635 0.69759036 0.24114583 0.70240964 0.0953125 0.69879518 0.090625 0.71927711 0.07760417 0.73012048 0.0796875 0.76746988 0.07760417 0.80722892
6 0.02760417 0.49518072 0.01770833 0.4939759 0.01041667 0.48795181 0.0046875 0.47590361 0 0.4746988 0 0.99879518 0.05208333 0.99879518 0.05208333 0.9686747 0.059375 0.94698795 0.05833333 0.89759036 0.04947917 0.82048193 0.05416667 0.76144578 0.05104167 0.74096386 0.04739583 0.7313253 0.04375 0.68795181 0.04635417 0.63614458 0.05625 0.55301205 0.05625 0.51325301 0.05364583 0.48433735 0.05052083 0.4746988 0.046875 0.47349398 0.03645833 0.49156627 0.02760417 0.49518072
3 0.05104167 0.4626506 0.0546875 0.47590361 0.05833333 0.50963855 0.05729167 0.55783133 0.04635417 0.65060241 0.0453125 0.68915663 0.04895833 0.7313253 0.05572917 0.7626506 0.05104167 0.79518072 0.05104167 0.82409639 0.06197917 0.93373494 0.05833333 0.95421687 0.05364583 0.96385542 0.05416667 0.98554217 0.05625 0.99156627 0.0640625 0.99156627 0.07447917 0.96746988 0.07708333 0.94819277 0.08020833 0.82289157 0.07708333 0.80963855 0.07760417 0.76626506 0.07395833 0.70963855 0.0703125 0.53975904 0.07239583 0.51807229 0.06927083 0.51325301 0.06770833 0.45903614 0.0609375 0.43253012 0.04583333 0.41204819 0.0296875 0.41807229 0.02916667 0.45180723 0.05104167 0.4626506
4 0.00416667 0.46024096 0.00677083 0.47349398 0.01354167 0.48674699 0.021875 0.49156627 0.0328125 0.48915663 0.04583333 0.4686747 0.05260417 0.46626506 0.05416667 0.46987952 0.05833333 0.50120482 0.05989583 0.53614458 0.05729167 0.57710843 0.06197917 0.58313253 0.06666667 0.61084337 0.0625 0.6253012 0.053125 0.62650602 0.05364583 0.63253012 0.0515625 0.63614458 0.0578125 0.64819277 0.05885417 0.67108434 0.06822917 0.67951807 0.06979167 0.70722892 0.07291667 0.70722892 0.07760417 0.72168675 0.08802083 0.71807229 0.0921875 0.7060241 0.08229167 0.61566265 0.08541667 0.6060241 0.08489583 0.5626506 0.090625 0.54216867 0.10625 0.5253012 0.11510417 0.5 0.12552083 0.48795181 0.12760417 0.46987952 0.121875 0.41927711 0.10729167 0.34939759 0.09479167 0.31566265 0.08229167 0.3 0.078125 0.30120482 0.02760417 0.34939759 0.01458333 0.36987952 0.00416667 0.41084337 0.00208333 0.4373494 0.00416667 0.46024096
6 0.65520833 0.94939759 0.65520833 0.96626506 0.65260417 0.97951807 0.65260417 0.9939759 0.65520833 0.99879518 0.93072917 0.99879518 0.93385417 0.9939759 0.92708333 0.97228916 0.92083333 0.93012048 0.92083333 0.85180723 0.91875 0.83975904 0.9203125 0.82409639 0.91197917 0.81445783 0.9078125 0.81445783 0.90677083 0.81927711 0.90989583 0.83855422 0.90989583 0.87349398 0.90364583 0.87831325 0.89791667 0.87710843 0.8921875 0.86024096 0.88854167 0.81927711 0.8734375 0.81204819 0.85208333 0.82048193 0.8484375 0.82409639 0.8484375 0.83012048 0.82239583 0.84578313 0.8125 0.84457831 0.79453125 0.86385542 0.7859375 0.86385542 0.77395833 0.84819277 0.74010417 0.83975904 0.7125 0.81566265 0.6887151 0.81927711 0.67135417 0.81445783 0.6640625 0.82048193 0.65989583 0.83373494 0.65520833 0.89879518 0.65572917 0.91927711 0.653125 0.93012048 0.65260417 0.94578313 0.65520833 0.94939759
3 0.89895833 0.87349398 0.90520833 0.87590361 0.9078125 0.8686747 0.90833333 0.85180723 0.90520833 0.83855422 0.90416667 0.81204819 0.90052083 0.80963855 0.89322917 0.81445783 0.89427083 0.85662651 0.89895833 0.87349398
2 0.88020833 0.48674699 0.88802083 0.49638554 0.9015625 0.53373494 0.9109375 0.54337349 0.91510417 0.55662651 0.91614583 0.57349398 0.90729167 0.68313253 0.909375 0.71084337 0.91822917 0.72048193 0.92395833 0.72048193 0.925 0.71325301 0.92864583 0.71927711 0.93020833 0.70361446 0.9328125 0.70240964 0.93020833 0.69277108 0.93177083 0.67349398 0.93854167 0.67108434 0.93072917 0.6626506 0.93072917 0.63975904 0.94270833 0.6373494 0.94427083 0.63253012 0.94375 0.62650602 0.93802083 0.6253012 0.9359375 0.61807229 0.9390625 0.59277108 0.94375 0.58795181 0.9421875 0.58433735 0.94270833 0.56024096 0.94010417 0.52168675 0.94375 0.46987952 0.9484375 0.45662651 0.96614583 0.48313253 0.98177083 0.48554217 0.98958333 0.47710843 0.996875 0.44819277 0.99739583 0.41927711 0.99479167 0.39156627 0.9875 0.36626506 0.97083333 0.33855422 0.93072917 0.3 0.92135417 0.29879518 0.91458333 0.30361446 0.90833333 0.31566265 0.89479167 0.35301205 0.878125 0.44819277 0.87708333 0.47710843 0.88020833 0.48674699
6 0.06666667 0.99879518 0.34583333 0.99879518 0.34739583 0.9939759 0.34427083 0.96385542 0.34635417 0.94216867 0.34427083 0.89277108 0.33802083 0.82771084 0.3328125 0.81807229 0.32604167 0.81445783 0.30885417 0.81807229 0.28802083 0.81566265 0.26041667 0.8373494 0.19427083 0.85301205 0.18229167 0.84578313 0.16145833 0.84337349 0.13072917 0.81566265 0.11822917 0.82048193 0.11354167 0.84819277 0.1 0.83975904 0.1 0.82048193 0.096875 0.81566265 0.08958333 0.81686747 0.0796875 0.8313253 0.0796875 0.94457831 0.06666667 0.99879518
3 0.0984375 0.8686747 0.10104167 0.87710843 0.10625 0.87710843 0.11197917 0.86144578 0.11510417 0.82048193 0.1015625 0.81927711 0.09791667 0.85301205 0.0984375 0.8686747
6 0.95364583 0.62771084 0.95729167 0.67710843 0.95364583 0.72289157 0.95052083 0.74457831 0.94739583 0.75180723 0.946875 0.76144578 0.95104167 0.77108434 0.95208333 0.81204819 0.95104167 0.84096386 0.94427083 0.87590361 0.9421875 0.93975904 0.95052083 0.95903614 0.9484375 0.98192771 0.94947917 0.99879518 0.99947917 0.99879518 0.99947917 0.46987952 0.99114583 0.47590361 0.98541667 0.48674699 0.97760417 0.48915663 0.96354167 0.48554217 0.959375 0.48192771 0.95625 0.46987952 0.94895833 0.46746988 0.94479167 0.48795181 0.94322917 0.52771084 0.94427083 0.55783133 0.95364583 0.62771084
3 0.34635417 0.90361446 0.34739583 0.93373494 0.3453125 0.96385542 0.34895833 0.99036145 0.35729167 0.99156627 0.359375 0.98915663 0.36354167 0.9626506 0.3640625 0.89036145 0.36927083 0.82289157 0.3640625 0.7686747 0.35885417 0.75301205 0.35 0.75301205 0.3421875 0.78072289 0.33854167 0.82168675 0.34635417 0.90361446
6 0.63541667 0.99879518 0.63854167 0.9939759 0.63385417 0.95180723 0.63541667 0.92771084 0.63177083 0.86746988 0.62395833 0.83373494 0.62395833 0.82168675 0.61614583 0.81325301 0.60416667 0.81807229 0.58072917 0.81325301 0.559375 0.82289157 0.55729167 0.82048193 0.55677083 0.8253012 0.48958333 0.85662651 0.47447917 0.84457831 0.45104167 0.84216867 0.421875 0.81566265 0.38645833 0.81927711 0.384375 0.84457831 0.371875 0.85421687 0.3703125 0.87349398 0.36822917 0.87590361 0.36458333 0.94578313 0.36666667 0.95542169 0.36354167 0.97349398 0.3640625 0.99879518 0.63541667 0.99879518
3 0.63020833 0.84457831 0.63385417 0.87590361 0.6359375 0.91927711 0.63489583 0.96385542 0.63854167 0.98554217 0.646875 0.99036145 0.65052083 0.98433735 0.65364583 0.96144578 0.65104167 0.94578313 0.65989583 0.81686747 0.6578125 0.81084337 0.65625 0.77831325 0.64895833 0.75180723 0.640625 0.75060241 0.63385417 0.76987952 0.62864583 0.81807229 0.628125 0.84096386 0.63020833 0.84457831
3 0.9328125 0.53614458 0.9375 0.54819277 0.93125 0.55903614 0.92760417 0.57710843 0.93072917 0.61566265 0.93072917 0.65421687 0.92864583 0.70240964 0.92552083 0.71566265 0.92604167 0.73012048 0.92291667 0.76144578 0.9234375 0.80481928 0.92083333 0.82048193 0.92083333 0.87108434 0.92552083 0.9626506 0.93541667 0.98795181 0.9390625 0.99036145 0.94479167 0.98795181 0.94739583 0.9746988 0.946875 0.96024096 0.93958333 0.94216867 0.9390625 0.92650602 0.94947917 0.82168675 0.95 0.79638554 0.9453125 0.7746988 0.94479167 0.75783133 0.9515625 0.71807229 0.95416667 0.68192771 0.953125 0.64578313 0.94010417 0.53012048 0.9453125 0.46746988 0.946875 0.4626506 0.9640625 0.45783133 0.96927083 0.45060241 0.9703125 0.45421687 0.971875 0.42771084 0.9703125 0.41445783 0.959375 0.4060241 0.95260417 0.40722892 0.94375 0.41807229 0.93489583 0.43975904 0.9296875 0.47228916 0.93072917 0.5 0.9265625 0.53253012 0.928125 0.53975904 0.9328125 0.53614458
6 0.53072917 0.01084337 0.54375 0.01686747 0.5703125 0.04216867 0.584375 0.04939759 0.6078125 0.04819277 0.62864583 0.0313253 0.64010417 0.03012048 0.6578125 0.03614458 0.73697917 0.08313253 0.7625 0.08313253 0.78697917 0.06746988 0.79947917 0.06506024 0.8203125 0.07228916 0.84791667 0.09879518 0.87395833 0.10481928 0.90833333 0.10361446 0.92135417 0.10843373 0.92916667 0.11686747 0.93541667 0.14096386 0.93385417 0.1746988 0.9296875 0.18915663 0.93072917 0.22891566 0.92395833 0.27228916 0.92552083 0.28433735 0.94479167 0.30963855 0.97708333 0.34096386 0.9921875 0.36746988 0.996875 0.38554217 0.99947917 0.38795181 0.99947917 0 0.5390625 0 0.53072917 0.0060241 0.52916667 0.00722892 0.53072917 0.01084337
6 0 0.42048193 0.00625 0.38433735 0.01979167 0.35662651 0.03333333 0.3373494 0.0578125 0.31807229 0.08125 0.29277108 0.0828125 0.27710843 0.075 0.23012048 0.07760417 0.20722892 0.07135417 0.17228916 0.07135417 0.15060241 0.0734375 0.13373494 0.07760417 0.12289157 0.08489583 0.11445783 0.15520833 0.10722892 0.17239583 0.09518072 0.18854167 0.07590361 0.2015625 0.06987952 0.22291667 0.0746988 0.2453125 0.08795181 0.2640625 0.08795181 0.35625 0.03493976 0.37552083 0.03373494 0.39947917 0.05060241 0.41927083 0.05180723 0.434375 0.04337349 0.4625 0.01566265 0.47916667 0.00481928 0.47083333 0 0 0 0 0.42048193
