5 0.08446298 0.48566464 0.08446298 0.54039965 0.09176225 0.54821894 0.39728884 0.59687228 0.45464025 0.607298 0.45985401 0.61077324 0.47028154 0.607298 0.48070907 0.61337967 0.49426486 0.61251086 0.75599583 0.65421373 0.77580813 0.65595135 0.78206465 0.6516073 0.7810219 0.62641182 0.77685089 0.62293658 0.77685089 0.61251086 0.77997914 0.60903562 0.77893639 0.58731538 0.77372263 0.58818419 0.77685089 0.58557776 0.77893639 0.57341442 0.77476538 0.54995656 0.7653806 0.53779322 0.76225235 0.54039965 0.75391032 0.54039965 0.74765381 0.5360556 0.74035454 0.53866203 0.73514077 0.53518679 0.72367049 0.53692441 0.72054223 0.53431798 0.71324296 0.53518679 0.70594369 0.53171156 0.67883212 0.52823632 0.52971846 0.51433536 0.48070907 0.51086012 0.46819604 0.51259774 0.44212722 0.50825369 0.29614181 0.49695917 0.22419187 0.48740226 0.10531804 0.47784535 0.0995829 0.47784535 0.08759124 0.47871416 0.08446298 0.48566464
0 0.62669447 0.36490009 0.59749739 0.35968723 0.5464025 0.36663771 0.45881126 0.36663771 0.41918665 0.36403128 0.39624609 0.35968723 0.38164755 0.36403128 0.33472367 0.36837533 0.27528676 0.3657689 0.26173097 0.36924414 0.23044838 0.37011295 0.14285714 0.36490009 0.09697602 0.35534318 0.09489051 0.35968723 0.10010428 0.38575152 0.09801877 0.45351868 0.10740355 0.47002606 0.1105318 0.46481321 0.12304484 0.46133797 0.1261731 0.45786273 0.15119917 0.45351868 0.26903024 0.45004344 0.28258603 0.45264987 0.32950991 0.45351868 0.36913452 0.45873154 0.38686131 0.45699392 0.51094891 0.46307559 0.57142857 0.47002606 0.59124088 0.46741964 0.59645464 0.47002606 0.67987487 0.47263249 0.68613139 0.47437011 0.68717414 0.50477845 0.69134515 0.5091225 0.69968717 0.50999131 0.72262774 0.5004344 0.76225235 0.49000869 0.76642336 0.48566464 0.77059437 0.41181581 0.77580813 0.39791486 0.7831074 0.39183319 0.80291971 0.39009557 0.86548488 0.392702 0.86965589 0.39009557 0.86861314 0.36142485 0.86339937 0.35186794 0.818561 0.3570808 0.79249218 0.35534318 0.76955162 0.35099913 0.73722628 0.33536056 0.73409802 0.33536056 0.71324296 0.36490009 0.62669447 0.36490009
2 0.77163712 0.42050391 0.76850886 0.45873154 0.77163712 0.46307559 0.77059437 0.52562989 0.77372263 0.53866203 0.78415016 0.5534318 0.78206465 0.64813206 0.79249218 0.65768897 0.80709072 0.65768897 0.91762252 0.60034752 0.91866528 0.41529105 0.91449426 0.39704605 0.79353493 0.39096438 0.79249218 0.39096438 0.77893639 0.39704605 0.77163712 0.42050391
3 0.09176225 0.5534318 0.10114703 0.5534318 0.1084463 0.54995656 0.09280501 0.54648132 0.08967675 0.54648132 0.08759124 0.54995656 0.09176225 0.5534318
4 0.08759124 0.5360556 0.08550574 0.4995656 0.08446298 0.4995656 0.08446298 0.54039965 0.08759124 0.5360556
3 0.90406674 0.61251086 0.91136601 0.60816681 0.91032325 0.607298 0.90406674 0.60903562 0.90406674 0.61251086
4 0.08446298 0.48566464 0.09176225 0.47958297 0.10740355 0.47697654 0.10010428 0.47002606 0.09801877 0.45612511 0.09906152 0.39357081 0.08550574 0.39009557 0.08446298 0.39009557 0.08029197 0.39357081 0.08446298 0.48566464
3 0.77893639 0.66550825 0.80187696 0.66463944 0.80187696 0.65942659 0.78206465 0.65768897 0.77580813 0.65768897 0.77476538 0.66290182 0.77893639 0.66550825
3 0.2346194 0.57688966 0.25338895 0.57949609 0.27007299 0.57775847 0.26277372 0.57428323 0.24713243 0.57428323 0.23774765 0.56993918 0.23253389 0.56993918 0.23044838 0.57080799 0.2346194 0.57688966
3 0.4734098 0.61337967 0.47966632 0.61859253 0.49530761 0.61859253 0.50052138 0.6159861 0.46611053 0.60642919 0.45464025 0.60642919 0.44942649 0.60642919 0.44942649 0.61251086 0.4734098 0.61337967
6 0 0.99913119 0.99895725 0.99913119 0.99895725 0 0.9937268 0 0 0 0 0.99913119
