0 0.29301356 0.31450912 0.2919708 0.31711555 0.28258603 0.31885317 0.27528676 0.32754127 0.24191867 0.42745439 0.2367049 0.44830582 0.2367049 0.45264987 0.24191867 0.45612511 0.48383733 0.46828844 0.50469239 0.47263249 0.51616267 0.47089487 0.64859228 0.47958297 0.66840459 0.48392702 0.67778936 0.4821894 0.68508863 0.48479583 0.74452555 0.48566464 0.74973931 0.48827107 0.75078206 0.49261512 0.75286757 0.45612511 0.74973931 0.45178106 0.7632951 0.43527368 0.76120959 0.43006082 0.7653806 0.42311034 0.77267987 0.42137272 0.79040667 0.42397915 0.79979145 0.42050391 0.80396246 0.42397915 0.81126173 0.42050391 0.81751825 0.42311034 0.82064651 0.41789748 0.82168926 0.42050391 0.83211679 0.42224153 0.86861314 0.41702867 0.88112617 0.42137272 0.88112617 0.43006082 0.8717414 0.44135534 0.87069864 0.45612511 0.86548488 0.46220678 0.86757039 0.46655083 0.86235662 0.47089487 0.85714286 0.48305821 0.85818561 0.49695917 0.87591241 0.51954822 0.88112617 0.51520417 0.91032325 0.36924414 0.91762252 0.35186794 0.91136601 0.33796699 0.90406674 0.33101651 0.89363921 0.32754127 0.82064651 0.32493484 0.80291971 0.32667246 0.77163712 0.32406603 0.75391032 0.32580365 0.49322211 0.32059079 0.44942649 0.31711555 0.32533889 0.31624674 0.3076121 0.31364031 0.30552659 0.31364031 0.30031283 0.31624674 0.29301356 0.31450912
3 0.73826903 0.68288445 0.74452555 0.68201564 0.74765381 0.65595135 0.74244004 0.64205039 0.74765381 0.63336229 0.74452555 0.6342311 0.74244004 0.63075586 0.74139729 0.63075586 0.73618352 0.67072111 0.73826903 0.68288445
5 0.77580813 0.49522155 0.77267987 0.49435274 0.77163712 0.4995656 0.76746611 0.50130321 0.76955162 0.50738488 0.7653806 0.5091225 0.76850886 0.50825369 0.76955162 0.51172893 0.7653806 0.5178106 0.77372263 0.52302346 0.77580813 0.53258036 0.78415016 0.53953084 0.77893639 0.53953084 0.77163712 0.54995656 0.77476538 0.55430061 0.7632951 0.55603823 0.76225235 0.57949609 0.7653806 0.59165943 0.78623566 0.58557776 0.79979145 0.58470895 0.80500521 0.58123371 0.83003128 0.57775847 0.84045881 0.57341442 0.84150156 0.56993918 0.84462982 0.57341442 0.84880083 0.57254561 0.85297185 0.57080799 0.85297185 0.56385752 0.85714286 0.5621199 0.85922836 0.56733275 0.85922836 0.5621199 0.86548488 0.55690704 0.86027112 0.5534318 0.86131387 0.54213727 0.85818561 0.53518679 0.8540146 0.53431798 0.85714286 0.54039965 0.84254432 0.53953084 0.8561001 0.52997394 0.84671533 0.52389227 0.84984359 0.51520417 0.84567258 0.51172893 0.84462982 0.50130321 0.83003128 0.5004344 0.83107404 0.49348393 0.82064651 0.49609036 0.81438999 0.49174631 0.77997914 0.48913988 0.77893639 0.48827107 0.77580813 0.49000869 0.77580813 0.49522155
5 0.0907195 0.4735013 0.08446298 0.47871416 0.08133472 0.48653345 0.08237748 0.52215465 0.08759124 0.54039965 0.10636079 0.54126846 0.11678832 0.54561251 0.15641293 0.54735013 0.26590198 0.55951347 0.27737226 0.55777585 0.29509906 0.5621199 0.64442127 0.59252824 0.72679875 0.60295395 0.73722628 0.5986099 0.73826903 0.58992181 0.74035454 0.59339705 0.74139729 0.58384014 0.73826903 0.58123371 0.74348279 0.57949609 0.7455683 0.56385752 0.74244004 0.54300608 0.74765381 0.54300608 0.7455683 0.53953084 0.75078206 0.48740226 0.51511992 0.4735013 0.39207508 0.46307559 0.2346194 0.45699392 0.23357664 0.45699392 0.12513034 0.46741964 0.0907195 0.4735013
4 0.09489051 0.59774109 0.09489051 0.60990443 0.09801877 0.61164205 0.10114703 0.60903562 0.10218978 0.59947871 0.10218978 0.54821894 0.10114703 0.54821894 0.09697602 0.56038228 0.09489051 0.59774109
4 0.10427529 0.4013901 0.11157456 0.40312772 0.10531804 0.41876629 0.10218978 0.46481321 0.10427529 0.46915725 0.1105318 0.46741964 0.11366006 0.41789748 0.11574557 0.41181581 0.12200209 0.40834057 0.17831074 0.40834057 0.20333681 0.44830582 0.20959333 0.4552563 0.21584984 0.4552563 0.22732013 0.41789748 0.22523462 0.40399652 0.22002086 0.40052129 0.22627737 0.39704605 0.22523462 0.39357081 0.16892596 0.39443962 0.16788321 0.39357081 0.10323253 0.39704605 0.10427529 0.4013901
3 0.74661105 0.61164205 0.74452555 0.60990443 0.74348279 0.62901825 0.74661105 0.61164205
2 0.7653806 0.42919201 0.7632951 0.43179844 0.7653806 0.43614248 0.75912409 0.44743701 0.75599583 0.46915725 0.7455683 0.59252824 0.74348279 0.59947871 0.73931178 0.60208514 0.74348279 0.60556038 0.73618352 0.67332754 0.73618352 0.67940921 0.74035454 0.68375326 0.7455683 0.67940921 0.76642336 0.45699392 0.76850886 0.44743701 0.77580813 0.44048653 0.81751825 0.43961772 0.82377477 0.44309296 0.8738269 0.56038228 0.8738269 0.56733275 0.86339937 0.57080799 0.87591241 0.57254561 0.88112617 0.57688966 0.90406674 0.63249348 0.90823775 0.63683753 0.91240876 0.63596872 0.8540146 0.49174631 0.86652763 0.44830582 0.86339937 0.43179844 0.87904067 0.4283232 0.87695516 0.42311034 0.87069864 0.42224153 0.86548488 0.42224153 0.78206465 0.42658558 0.7653806 0.42919201
3 0.91136601 0.63683753 0.91240876 0.63249348 0.90510949 0.62988705 0.90823775 0.62641182 0.90406674 0.6246742 0.90406674 0.63249348 0.91136601 0.63683753
3 0.28571429 0.57862728 0.2919708 0.57949609 0.29301356 0.57688966 0.28050052 0.56038228 0.27737226 0.56038228 0.27632951 0.56472632 0.28571429 0.57862728
6 0 0.99913119 0.99895725 0.99913119 0.99895725 0 0.9937268 0 0 0 0 0.99913119
