5 0.11991658 0.46307559 0.10218978 0.4735013 0.10010428 0.48740226 0.10323253 0.50217202 0.10531804 0.50651607 0.11261731 0.50738488 0.67049009 0.54213727 0.72888425 0.54387489 0.73931178 0.54213727 0.74765381 0.5360556 0.74973931 0.50130321 0.74348279 0.48740226 0.73409802 0.48132059 0.70072993 0.48132059 0.6903024 0.46655083 0.68196038 0.46307559 0.53701773 0.45699392 0.48383733 0.45786273 0.2898853 0.45264987 0.28884254 0.45264987 0.18248175 0.45612511 0.11991658 0.46307559
2 0.7810219 0.38227628 0.77059437 0.392702 0.76433785 0.40660295 0.75286757 0.4908775 0.75391032 0.54561251 0.76225235 0.55777585 0.76225235 0.58123371 0.7653806 0.58384014 0.80396246 0.58818419 0.84567258 0.57428323 0.85088634 0.58470895 0.84775808 0.58731538 0.85088634 0.59513467 0.84775808 0.59947871 0.85192909 0.60469157 0.85297185 0.58123371 0.84984359 0.57775847 0.85297185 0.57254561 0.87069864 0.56385752 0.89676747 0.55690704 0.91449426 0.54735013 0.91762252 0.54300608 0.91762252 0.39530843 0.91136601 0.38922676 0.89676747 0.38662033 0.82273201 0.37880104 0.81710115 0.37880104 0.79457769 0.37880104 0.7810219 0.38227628
3 0.10948905 0.53344917 0.11574557 0.53866203 0.11678832 0.58297133 0.12408759 0.58557776 0.12408759 0.53171156 0.10218978 0.52997394 0.10114703 0.52997394 0.09280501 0.53258036 0.10948905 0.53344917
4 0.08133472 0.39791486 0.08029197 0.52215465 0.08446298 0.52736751 0.09697602 0.52562989 0.09697602 0.51259774 0.10531804 0.50477845 0.10010428 0.49782798 0.09906152 0.47523892 0.12200209 0.45960035 0.11366006 0.44048653 0.10531804 0.40486533 0.1105318 0.392702 0.10531804 0.39009557 0.09697602 0.39009557 0.08550574 0.392702 0.08133472 0.39791486
3 0.30656934 0.5621199 0.31074035 0.55864466 0.3096976 0.54648132 0.30344108 0.54648132 0.30344108 0.56038228 0.30656934 0.5621199
0 0.63086548 0.34491746 0.61835245 0.3483927 0.59854015 0.34665508 0.44212722 0.35186794 0.42440042 0.35273675 0.41397289 0.3570808 0.39937435 0.35534318 0.27007299 0.36142485 0.26173097 0.36229366 0.25860271 0.3657689 0.25338895 0.392702 0.12200209 0.39096438 0.11157456 0.392702 0.10740355 0.39704605 0.10218978 0.41268462 0.09906152 0.40920938 0.10010428 0.40399652 0.09697602 0.40834057 0.10114703 0.41529105 0.10531804 0.41355343 0.1105318 0.41876629 0.11366006 0.43961772 0.12513034 0.46046916 0.17205422 0.4552563 0.26173097 0.45178106 0.27528676 0.44830582 0.29405631 0.45264987 0.31699687 0.45351868 0.64963504 0.45786273 0.68925965 0.46046916 0.69343066 0.4639444 0.69551616 0.47437011 0.70177268 0.47958297 0.7101147 0.48045178 0.73201251 0.47697654 0.74348279 0.47089487 0.75078206 0.46307559 0.76433785 0.40312772 0.77789364 0.38314509 0.78727842 0.37880104 0.83315954 0.37793223 0.83837331 0.3753258 0.84462982 0.3753258 0.84984359 0.37966985 0.86235662 0.37271937 0.86235662 0.34752389 0.85505735 0.34231103 0.79249218 0.34144222 0.78936392 0.34491746 0.76850886 0.34144222 0.76746611 0.34144222 0.74765381 0.34404865 0.63086548 0.34491746
3 0.84462982 0.5986099 0.84567258 0.60556038 0.84880083 0.607298 0.8540146 0.60469157 0.8540146 0.57602085 0.84984359 0.57602085 0.84671533 0.57949609 0.84462982 0.5986099
3 0.49426486 0.59252824 0.49635036 0.56385752 0.48800834 0.56038228 0.48383733 0.56038228 0.48175182 0.59079062 0.49426486 0.59252824
3 0.72471324 0.60382276 0.725756 0.64813206 0.72679875 0.65768897 0.72992701 0.6602954 0.73722628 0.65768897 0.73826903 0.65421373 0.73826903 0.58731538 0.73305527 0.58384014 0.72992701 0.58123371 0.725756 0.58384014 0.72471324 0.60382276
6 0 0.99913119 0.99895725 0.99913119 0.99895725 0 0.9937268 0 0 0 0 0.99913119
