5 0.7653806 0.47002606 0.73096976 0.46481321 0.71949948 0.47002606 0.71741397 0.47697654 0.72158498 0.49435274 0.71741397 0.50390964 0.71741397 0.52910513 0.72054223 0.54995656 0.72054223 0.59426586 0.76850886 0.58470895 0.79457769 0.57602085 0.82794578 0.57080799 0.8540146 0.5621199 0.8915537 0.55603823 0.90615224 0.54908775 0.91136601 0.49609036 0.90719499 0.46828844 0.89676747 0.4639444 0.87695516 0.47002606 0.86965589 0.46828844 0.86444213 0.47176368 0.85192909 0.47263249 0.84254432 0.46741964 0.82377477 0.46741964 0.80709072 0.4639444 0.80500521 0.4639444 0.7831074 0.47002606 0.7653806 0.47002606
5 0.08863399 0.43614248 0.08133472 0.44743701 0.08446298 0.5091225 0.10531804 0.51607298 0.10948905 0.51433536 0.11574557 0.51867941 0.13138686 0.5178106 0.14494265 0.52302346 0.17101147 0.52476108 0.21584984 0.5360556 0.2346194 0.53518679 0.34306569 0.55516942 0.41918665 0.56472632 0.45046924 0.57254561 0.49947862 0.57775847 0.5464025 0.58818419 0.59228363 0.59252824 0.60271116 0.59687228 0.61105318 0.59600348 0.65380605 0.60469157 0.68508863 0.607298 0.69655892 0.60556038 0.69968717 0.60208514 0.69968717 0.51172893 0.69655892 0.4995656 0.69968717 0.47523892 0.69551616 0.45786273 0.6923879 0.46220678 0.64025026 0.45786273 0.59749739 0.45351868 0.58081335 0.44917463 0.55891554 0.45004344 0.52241919 0.44396177 0.4181439 0.43701129 0.40458811 0.42919201 0.36704901 0.43092963 0.28258603 0.42484796 0.24608968 0.4196351 0.24400417 0.4196351 0.11261731 0.42919201 0.08863399 0.43614248
0 0.86548488 0.42137272 0.85505735 0.43006082 0.84150156 0.42745439 0.83837331 0.43006082 0.83420229 0.4283232 0.80709072 0.43179844 0.79979145 0.44396177 0.79666319 0.43179844 0.77893639 0.43353606 0.77267987 0.4378801 0.76850886 0.43527368 0.76746611 0.43961772 0.75912409 0.44309296 0.72992701 0.44222415 0.72262774 0.44569939 0.72054223 0.45960035 0.7653806 0.46741964 0.78936392 0.46655083 0.79562044 0.45960035 0.85297185 0.46568202 0.88008342 0.46307559 0.90093848 0.45786273 0.90510949 0.45438749 0.90823775 0.4283232 0.90406674 0.41702867 0.90198123 0.41702867 0.8717414 0.42311034 0.86548488 0.42137272
0 0.26173097 0.33449175 0.24921794 0.40225891 0.24921794 0.41615986 0.25338895 0.41876629 0.36392075 0.42919201 0.39103233 0.4283232 0.39728884 0.42397915 0.40250261 0.42484796 0.39937435 0.42137272 0.40458811 0.41876629 0.40875912 0.42919201 0.42335766 0.43440487 0.55265902 0.4465682 0.58394161 0.44396177 0.59019812 0.44917463 0.6016684 0.45178106 0.69551616 0.45960035 0.69968717 0.45612511 0.70907195 0.43179844 0.72679875 0.42137272 0.74348279 0.41789748 0.79666319 0.41442224 0.81751825 0.410947 0.82690302 0.40660295 0.83733055 0.41007819 0.86235662 0.40573414 0.89468196 0.40573414 0.90406674 0.40399652 0.91136601 0.39183319 0.91136601 0.37619461 0.90615224 0.36837533 0.81438999 0.36403128 0.81126173 0.36142485 0.80917623 0.34491746 0.79666319 0.3397046 0.60896767 0.33275413 0.60271116 0.33796699 0.60062565 0.35273675 0.59436913 0.35968723 0.58915537 0.35099913 0.58811262 0.33188532 0.57559958 0.32841008 0.42231491 0.32754127 0.41710115 0.33101651 0.41501564 0.34578627 0.41084463 0.34926151 0.40771637 0.3301477 0.40458811 0.32754127 0.28571429 0.32493484 0.28015328 0.32493484 0.26590198 0.32580365 0.26173097 0.33449175
2 0.87486966 0.41007819 0.85088634 0.410947 0.83733055 0.41442224 0.81960375 0.41268462 0.73201251 0.42137272 0.72992701 0.42571677 0.72679875 0.42484796 0.71220021 0.43179844 0.70072993 0.45873154 0.70072993 0.57775847 0.70490094 0.60208514 0.70281543 0.61251086 0.70594369 0.67506516 0.71324296 0.67593397 0.71741397 0.67245873 0.71637122 0.56646394 0.71949948 0.54995656 0.71637122 0.54213727 0.71532847 0.45786273 0.72054223 0.44396177 0.72679875 0.4378801 0.74765381 0.4378801 0.75495308 0.43440487 0.78936392 0.43266725 0.80187696 0.42745439 0.82690302 0.42571677 0.84150156 0.41702867 0.84358707 0.4196351 0.85818561 0.4196351 0.86548488 0.41615986 0.8738269 0.41789748 0.87591241 0.41529105 0.89989572 0.41442224 0.91449426 0.410947 0.91449426 0.40747176 0.89051095 0.40747176 0.8894682 0.40747176 0.87591241 0.41268462 0.87486966 0.41007819
4 0.1991658 0.37271937 0.13868613 0.37619461 0.10740355 0.38314509 0.09489051 0.39791486 0.09489051 0.43006082 0.10114703 0.4283232 0.10218978 0.39878367 0.10636079 0.39183319 0.11470282 0.38662033 0.21584984 0.38227628 0.22627737 0.37793223 0.25026069 0.37793223 0.25130344 0.37185056 0.24608968 0.37185056 0.22732013 0.37445699 0.1991658 0.37271937
3 0.20229406 0.55690704 0.20959333 0.55777585 0.21063608 0.5360556 0.20646507 0.53431798 0.20333681 0.53431798 0.2012513 0.5534318 0.20229406 0.55690704
3 0.79353493 0.60295395 0.8008342 0.60295395 0.80291971 0.59947871 0.80187696 0.57862728 0.79666319 0.57862728 0.79249218 0.58123371 0.79353493 0.60295395
3 0.85505735 0.60208514 0.86235662 0.60208514 0.86444213 0.5986099 0.86339937 0.56385752 0.85818561 0.56385752 0.8540146 0.56733275 0.85505735 0.60208514
3 0.09801877 0.55690704 0.10427529 0.55690704 0.10427529 0.52302346 0.11366006 0.51867941 0.10114703 0.51520417 0.09489051 0.51520417 0.09593326 0.5534318 0.09801877 0.55690704
3 0.67674661 0.6429192 0.68404588 0.6429192 0.68613139 0.64031277 0.68821689 0.6159861 0.68508863 0.61164205 0.67987487 0.61164205 0.67153285 0.61251086 0.67674661 0.6429192
6 0 0.99913119 0.99895725 0.99913119 0.99895725 0 0.9937268 0 0 0 0 0.99913119
