5 0.31347656 0.66081871 0.33691406 0.66520468 0.58984375 0.6374269 0.59667969 0.63157895 0.59863281 0.60818713 0.62597656 0.60380117 0.65332031 0.60818713 0.66015625 0.61549708 0.65722656 0.61842105 0.65820312 0.62573099 0.67089844 0.62573099 0.66894531 0.61403509 0.66601562 0.6125731 0.68164062 0.60672515 0.70410156 0.60964912 0.71484375 0.60526316 0.72265625 0.61549708 0.72851562 0.61403509 0.73046875 0.61842105 0.73339844 0.61403509 0.73535156 0.61842105 0.76171875 0.61695906 0.77734375 0.60818713 0.89746094 0.60672515 0.9140625 0.60233918 0.92089844 0.59502924 0.92773438 0.57017544 0.92382812 0.54239766 0.92773438 0.53654971 0.92675781 0.51461988 0.921875 0.49707602 0.78613281 0.48976608 0.77148438 0.48245614 0.72363281 0.47807018 0.640625 0.48391813 0.61230469 0.47953216 0.58398438 0.48684211 0.53125 0.48684211 0.52539062 0.49269006 0.47265625 0.49122807 0.45410156 0.49707602 0.40136719 0.49415205 0.390625 0.5 0.36230469 0.49853801 0.31054688 0.50877193 0.30566406 0.54239766 0.30761719 0.65350877 0.31347656 0.66081871
0 0.12792969 0.19883041 0.1328125 0.19005848 0.13769531 0.19736842 0.13671875 0.20614035 0.12207031 0.21052632 0.12988281 0.20906433 0.12988281 0.21783626 0.12402344 0.21637427 0.12304688 0.22027339 0.13183594 0.22222222 0.12792969 0.22660819 0.12402344 0.22368421 0.12304688 0.23684211 0.13964844 0.21491228 0.14257812 0.21637427 0.140625 0.22076023 0.14648438 0.21637427 0.15039062 0.22660819 0.14746094 0.23099415 0.13964844 0.22953216 0.13769531 0.24853801 0.12695312 0.25 0.12792969 0.27631579 0.14257812 0.29093567 0.14746094 0.2880117 0.15820312 0.29532164 0.1484375 0.30555556 0.14160156 0.30555556 0.13574219 0.29239766 0.13671875 0.30263158 0.1328125 0.30409357 0.13574219 0.31432749 0.13574219 0.34502924 0.140625 0.34356725 0.140625 0.35087719 0.16113281 0.34795322 0.16308594 0.35233918 0.20507812 0.3494152 0.21972656 0.35380117 0.23144531 0.34649123 0.234375 0.35233918 0.26269531 0.35526316 0.27246094 0.3494152 0.27832031 0.35672515 0.30078125 0.36111111 0.31445312 0.39327485 0.31054688 0.39766082 0.31640625 0.42105263 0.31640625 0.44590643 0.30957031 0.48684211 0.31445312 0.47807018 0.31640625 0.49122807 0.41113281 0.48684211 0.421875 0.48976608 0.50195312 0.48099415 0.53515625 0.48391813 0.56347656 0.47807018 0.57519531 0.48099415 0.58984375 0.4751462 0.6015625 0.47953216 0.6171875 0.47368421 0.65136719 0.47660819 0.68164062 0.47076023 0.73242188 0.46929825 0.74804688 0.4619883 0.73535156 0.36695906 0.734375 0.32163743 0.72558594 0.26900585 0.72070312 0.20321637 0.71679688 0.1754386 0.7109375 0.16959064 0.16308594 0.14619883 0.15136719 0.14912281 0.14550781 0.15789474 0.13671875 0.16081871 0.1328125 0.16520468 0.13574219 0.17105263 0.13378906 0.17397661 0.12988281 0.16959064 0.12207031 0.18128655 0.12207031 0.19736842 0.12792969 0.19883041
4 0.05957031 0.6871345 0.07128906 0.69590643 0.24121094 0.75 0.30078125 0.74415205 0.3046875 0.73391813 0.30566406 0.66666667 0.30273438 0.61695906 0.3046875 0.40204678 0.29980469 0.36988304 0.29101562 0.36403509 0.26660156 0.36111111 0.12792969 0.35672515 0.06054688 0.35672515 0.0546875 0.36549708 0.05566406 0.65204678 0.05957031 0.6871345
2 0.75195312 0.45175439 0.74902344 0.46637427 0.75195312 0.47660819 0.86035156 0.49269006 0.90722656 0.49269006 0.92675781 0.49853801 0.9296875 0.56725146 0.92578125 0.60233918 0.9296875 0.60672515 0.93945312 0.60526316 0.94042969 0.52923977 0.9296875 0.53099415 0.92871094 0.52192982 0.94140625 0.51900585 0.94140625 0.36988304 0.9375 0.35526316 0.92285156 0.35087719 0.74121094 0.34795322 0.73925781 0.36695906 0.75195312 0.45175439
1 0.30664062 0.74415205 0.59863281 0.70760234 0.60742188 0.70906433 0.61230469 0.71929825 0.61328125 0.71491228 0.61865234 0.71929825 0.61914062 0.70614035 0.625 0.71929825 0.62890625 0.71637427 0.62890625 0.71052632 0.6328125 0.71345029 0.64648438 0.70760234 0.66308594 0.71345029 0.66699219 0.70760234 0.67773438 0.70760234 0.68359375 0.69736842 0.70214844 0.69736842 0.70996094 0.70321637 0.72070312 0.7002924 0.72265625 0.70614035 0.72753906 0.70614035 0.74121094 0.69883041 0.74707031 0.69005848 0.76074219 0.6871345 0.88671875 0.67251462 0.89746094 0.66666667 0.90234375 0.6505848 0.90234375 0.6125731 0.87988281 0.60964912 0.80078125 0.61403509 0.73730469 0.62280702 0.69042969 0.61842105 0.6875 0.62426901 0.68359375 0.62280702 0.68359375 0.62719298 0.66796875 0.63011696 0.640625 0.62865497 0.640625 0.62426901 0.65136719 0.62134503 0.64355469 0.6125731 0.62304688 0.6125731 0.6171875 0.61695906 0.6171875 0.62426901 0.60839844 0.6125731 0.61035156 0.62134503 0.60351562 0.61403509 0.60253906 0.61988304 0.609375 0.63304094 0.59472656 0.63888889 0.39355469 0.65935673 0.37304688 0.66520468 0.30859375 0.66812865 0.30957031 0.71345029 0.30664062 0.74415205
3 0.68554688 0.74415205 0.69921875 0.74415205 0.69921875 0.70906433 0.68847656 0.70175439 0.68554688 0.70614035 0.68554688 0.74415205
3 0.90332031 0.79532164 0.90820312 0.79093567 0.91015625 0.74853801 0.90820312 0.72222222 0.90234375 0.71637427 0.90820312 0.70906433 0.90820312 0.6871345 0.90136719 0.6754386 0.89550781 0.68128655 0.89355469 0.79385965 0.90332031 0.79532164
3 0.08496094 0.82894737 0.09765625 0.82894737 0.10058594 0.80847953 0.09863281 0.70906433 0.08300781 0.70321637 0.08300781 0.8245614 0.08496094 0.82894737
3 0.26953125 0.90204678 0.27246094 0.9005848 0.27246094 0.75438596 0.25292969 0.75438596 0.25390625 0.9005848 0.26953125 0.90204678
6 0 0.95321637 0.08007812 0.95614035 0.08496094 0.96345029 0.08203125 0.96637427 0.07910156 0.99415205 0.0859375 0.99853801 0.99902344 0.99853801 0.99902344 0.72807018 0.94433594 0.7251462 0.95703125 0.61111111 0.99902344 0.60672515 0.99902344 0 0 0 0 0.95321637
