0 0.77929688 0.39041096 0.78417969 0.39589041 0.78515625 0.41232877 0.78222656 0.41780822 0.77734375 0.41780822 0.77832031 0.43972603 0.78808594 0.44931507 0.78808594 0.46849315 0.83496094 0.49178082 0.83886719 0.4890411 0.83789062 0.37945205 0.84179688 0.33835616 0.78710938 0.34383562 0.78320312 0.35205479 0.7890625 0.36849315 0.77929688 0.37671233 0.78222656 0.38493151 0.77929688 0.39041096
0 0.14550781 0.46164384 0.15039062 0.49726027 0.15722656 0.49041096 0.16796875 0.49041096 0.16796875 0.48219178 0.17382812 0.48767123 0.16992188 0.47808219 0.17480469 0.47945205 0.17773438 0.47260274 0.1796875 0.48493151 0.18359375 0.48630137 0.23339844 0.47260274 0.31933594 0.47123288 0.34863281 0.47671233 0.38671875 0.49315068 0.43945312 0.47260274 0.51171875 0.46849315 0.5703125 0.4739726 0.609375 0.49452055 0.65722656 0.4739726 0.66113281 0.48082192 0.67089844 0.48219178 0.72265625 0.47260274 0.76171875 0.47260274 0.76464844 0.4369863 0.75878906 0.39726027 0.76171875 0.39315068 0.76953125 0.39315068 0.76171875 0.38767123 0.76464844 0.37945205 0.76464844 0.35205479 0.76074219 0.34520548 0.73730469 0.34657534 0.73046875 0.35205479 0.67480469 0.35342466 0.65917969 0.34931507 0.64746094 0.33835616 0.63085938 0.3369863 0.61621094 0.33013699 0.56347656 0.33835616 0.56054688 0.3109589 0.53417969 0.32054795 0.51171875 0.32328767 0.43847656 0.31232877 0.43652344 0.3369863 0.41503906 0.3369863 0.38769531 0.33013699 0.33105469 0.34520548 0.27832031 0.34520548 0.22949219 0.35753425 0.16992188 0.35753425 0.15429688 0.36164384 0.15136719 0.35753425 0.13671875 0.35890411 0.13476562 0.36438356 0.14160156 0.38630137 0.140625 0.4 0.14648438 0.43150685 0.14550781 0.46164384
4 0.09472656 0.57260274 0.09667969 0.57671233 0.12304688 0.57671233 0.12402344 0.5369863 0.14648438 0.50273973 0.140625 0.41643836 0.13671875 0.39863014 0.13183594 0.39726027 0.09765625 0.40958904 0.09472656 0.41369863 0.09472656 0.57260274
5 0.13378906 0.58767123 0.14648438 0.5890411 0.35644531 0.58767123 0.375 0.57945205 0.38378906 0.58767123 0.39160156 0.5890411 0.60351562 0.5890411 0.6171875 0.58356164 0.62304688 0.56849315 0.62597656 0.58219178 0.640625 0.5890411 0.86035156 0.5890411 0.87402344 0.56712329 0.87109375 0.53972603 0.85839844 0.51643836 0.82128906 0.48630137 0.79589844 0.47671233 0.77929688 0.48082192 0.77636719 0.47671233 0.72070312 0.47671233 0.67480469 0.48356164 0.6640625 0.4890411 0.65429688 0.48219178 0.64453125 0.48219178 0.62402344 0.49178082 0.61425781 0.5109589 0.60253906 0.49178082 0.5859375 0.48082192 0.52636719 0.47123288 0.48046875 0.47123288 0.41503906 0.48082192 0.39550781 0.49041096 0.3828125 0.50684932 0.37109375 0.48767123 0.32910156 0.4739726 0.28710938 0.47123288 0.23632812 0.47534247 0.18457031 0.4890411 0.15722656 0.50136986 0.13476562 0.51917808 0.125 0.53972603 0.12597656 0.57671233 0.13378906 0.58767123
1 0.08398438 0.65753425 0.12402344 0.65205479 0.5859375 0.65205479 0.59667969 0.64383562 0.59667969 0.61643836 0.59960938 0.61232877 0.69726562 0.61643836 0.75390625 0.6109589 0.84277344 0.6109589 0.86914062 0.61506849 0.92089844 0.6109589 0.92089844 0.59726027 0.90332031 0.57945205 0.87304688 0.57945205 0.86523438 0.59178082 0.69335938 0.59041096 0.69335938 0.61369863 0.62597656 0.6109589 0.62695312 0.59041096 0.13378906 0.59041096 0.12402344 0.57808219 0.10449219 0.57671233 0.09375 0.57945205 0.078125 0.59452055 0.07714844 0.64794521 0.08398438 0.65753425
2 0.84960938 0.50684932 0.85839844 0.51232877 0.87109375 0.53561644 0.87402344 0.55068493 0.87304688 0.57671233 0.90136719 0.57671233 0.90429688 0.57260274 0.90527344 0.52328767 0.90429688 0.41506849 0.89941406 0.40821918 0.86914062 0.39452055 0.84179688 0.39726027 0.84277344 0.49589041 0.84960938 0.50684932
3 0.8828125 0.65616438 0.8828125 0.66438356 0.89160156 0.65753425 0.87792969 0.65479452 0.87597656 0.65753425 0.8828125 0.65616438
3 0.09667969 0.6739726 0.09472656 0.66438356 0.09863281 0.65479452 0.08105469 0.65342466 0.07714844 0.65753425 0.07617188 0.69178082 0.09667969 0.6739726
3 0.90136719 0.66164384 0.90136719 0.6739726 0.90820312 0.68082192 0.9140625 0.68082192 0.9140625 0.68767123 0.92089844 0.69178082 0.921875 0.65753425 0.91796875 0.65342466 0.90625 0.65342466 0.89648438 0.65753425 0.90136719 0.66164384
6 0 0.0109589 0 0.94931507 0.00292969 0.95342466 0.015625 0.95205479 0.02539062 0.95616438 0.04199219 0.95205479 0.04296875 0.94794521 0.05175781 0.95342466 0.05761719 0.94931507 0.06542969 0.95479452 0.07421875 0.95068493 0.08007812 0.95479452 0.08789062 0.96986301 0.08398438 0.9739726 0.09179688 0.97671233 0.08691406 0.97945205 0.08007812 0.99315068 0.08789062 0.99726027 0.10058594 0.99589041 0.10546875 0.9890411 0.109375 0.99589041 0.12109375 0.99589041 0.13378906 0.98767123 0.13769531 0.99589041 0.16796875 0.99589041 0.17480469 0.9890411 0.1796875 0.99452055 0.18554688 0.99452055 0.18945312 0.9890411 0.19824219 0.99589041 0.23535156 0.99589041 0.24511719 0.9890411 0.24902344 0.99589041 0.26757812 0.99589041 0.27148438 0.99041096 0.28417969 0.99452055 0.28613281 0.9890411 0.29199219 0.99589041 0.34179688 0.99178082 0.36230469 0.99863014 0.99902344 0.99863014 0.99902344 0.72876712 0.99414062 0.7260274 0.97753906 0.73150685 0.95996094 0.7260274 0.9375 0.72876712 0.93164062 0.72465753 0.94140625 0.6109589 0.99902344 0.6109589 0.99902344 0.01643836 0.99609375 0.00684932 0.97753906 0.00273973 0.953125 0.00684932 0.93554688 0.00273973 0.91210938 0.00684932 0.90722656 0.00273973 0.87890625 0.00273973 0.87011719 0.00684932 0.85253906 0.00273973 0.84179688 0.00684932 0.83105469 0.00273973 0.81445312 0.00684932 0.79101562 0.00273973 0.74511719 0.00684932 0.74121094 0.00273973 0.70410156 0.00684932 0.57714844 0.00684932 0.57519531 0.00273973 0.54589844 0.00273973 0.53710938 0.00684932 0.51855469 0.00273973 0.50878906 0.00684932 0.5 0.00273973 0.48046875 0.00684932 0.44921875 0.00273973 0.42480469 0.00684932 0.24414062 0.00684932 0.21289062 0.00273973 0.20605469 0.00684932 0.1328125 0.00684932 0.11523438 0.00273973 0.09179688 0.00684932 0.00390625 0.00547945 0.00488281 0.00821918 0 0.0109589
