5 0.23730469 0.79315961 0.24414062 0.82410423 0.24902344 0.82736156 0.38378906 0.82410423 0.61816406 0.83061889 0.65234375 0.81433225 0.64941406 0.77198697 0.63769531 0.752443 0.59765625 0.74104235 0.55078125 0.74104235 0.51464844 0.75081433 0.47753906 0.73941368 0.4296875 0.73941368 0.38964844 0.74918567 0.32714844 0.73778502 0.27539062 0.75081433 0.24902344 0.77198697 0.24804688 0.78175896 0.23730469 0.79315961
0 0.33984375 0.73778502 0.38867188 0.747557 0.4609375 0.73615635 0.52246094 0.747557 0.54394531 0.73941368 0.55957031 0.71335505 0.55664062 0.64820847 0.55078125 0.64169381 0.32421875 0.64332248 0.328125 0.72312704 0.33984375 0.73778502
4 0.2265625 0.8485342 0.23828125 0.8485342 0.24414062 0.82247557 0.2421875 0.79153094 0.26074219 0.73452769 0.24707031 0.65309446 0.23632812 0.65309446 0.22265625 0.66775244 0.22265625 0.84201954 0.2265625 0.8485342
2 0.61523438 0.61889251 0.64746094 0.63355049 0.65722656 0.63029316 0.65429688 0.60586319 0.64746094 0.61074919 0.62207031 0.60586319 0.62207031 0.61400651 0.61523438 0.61889251
2 0.64160156 0.68729642 0.67578125 0.67752443 0.67578125 0.67100977 0.66601562 0.66123779 0.62792969 0.66775244 0.62207031 0.67752443 0.64160156 0.68729642
2 0.640625 0.74429967 0.65234375 0.78013029 0.65429688 0.85016287 0.66503906 0.85179153 0.67285156 0.84039088 0.67285156 0.71172638 0.66796875 0.70521173 0.64746094 0.70521173 0.640625 0.70684039 0.640625 0.74429967
6 0.22558594 0.8485342 0.24902344 0.85830619 0.24414062 0.91205212 0.25097656 0.90553746 0.25292969 0.86482085 0.26269531 0.8534202 0.26855469 0.85667752 0.27246094 0.86970684 0.28125 0.8534202 0.30175781 0.85179153 0.55371094 0.85504886 0.625 0.85016287 0.63867188 0.8534202 0.64453125 0.91042345 0.65039062 0.91042345 0.64648438 0.85667752 0.65625 0.8485342 0.66796875 0.8485342 0.671875 0.83713355 0.66894531 0.76058632 0.671875 0.73615635 0.62597656 0.72801303 0.61230469 0.73778502 0.61035156 0.72964169 0.59765625 0.72801303 0.59570312 0.65635179 0.58398438 0.6465798 0.58203125 0.6514658 0.56542969 0.64332248 0.27832031 0.64169381 0.24121094 0.64983713 0.22460938 0.66286645 0.22265625 0.67100977 0.22265625 0.83061889 0.22558594 0.8485342
3 0.27246094 0.87296417 0.27636719 0.85504886 0.27050781 0.85667752 0.26855469 0.86970684 0.27246094 0.87296417
3 0.24902344 0.91368078 0.25683594 0.85179153 0.24804688 0.85504886 0.24511719 0.87459283 0.2421875 0.91042345 0.24902344 0.91368078
3 0.640625 0.88110749 0.64355469 0.91042345 0.65039062 0.91368078 0.64648438 0.85830619 0.640625 0.85179153 0.63476562 0.85504886 0.6328125 0.86644951 0.640625 0.88110749
