5 0.31054688 0.77850163 0.69433594 0.78013029 0.71679688 0.7752443 0.72070312 0.76547231 0.71972656 0.73615635 0.70507812 0.72312704 0.66113281 0.70846906 0.54589844 0.71009772 0.49023438 0.70358306 0.45800781 0.71172638 0.45605469 0.72312704 0.4375 0.72312704 0.41699219 0.70846906 0.36230469 0.70521173 0.33007812 0.71009772 0.29101562 0.73452769 0.29199219 0.77198697 0.31054688 0.77850163
0 0.32617188 0.66449511 0.32617188 0.68078176 0.3203125 0.69543974 0.33007812 0.70684039 0.3984375 0.7019544 0.44335938 0.71824104 0.47949219 0.7019544 0.515625 0.70032573 0.57519531 0.71498371 0.60839844 0.69869707 0.62207031 0.6742671 0.63671875 0.67589577 0.6484375 0.66612378 0.66503906 0.66938111 0.66699219 0.67752443 0.671875 0.67752443 0.67382812 0.66286645 0.6953125 0.65960912 0.69726562 0.6514658 0.69628906 0.63843648 0.68261719 0.62052117 0.68359375 0.58794788 0.66210938 0.58631922 0.65429688 0.55863192 0.63183594 0.56677524 0.6015625 0.56351792 0.578125 0.57003257 0.56542969 0.58143322 0.41918945 0.58143322 0.40234375 0.57003257 0.38378906 0.57980456 0.35742188 0.57491857 0.32421875 0.58143322 0.3203125 0.58794788 0.3203125 0.65472313 0.32617188 0.66449511
4 0.30664062 0.82736156 0.29394531 0.82084691 0.28417969 0.7980456 0.29101562 0.78175896 0.2890625 0.73615635 0.31152344 0.71661238 0.31738281 0.65635179 0.29980469 0.65309446 0.25976562 0.68241042 0.26171875 0.8257329 0.30664062 0.82736156
2 0.68847656 0.67100977 0.69042969 0.67752443 0.70507812 0.68241042 0.70996094 0.69218241 0.71972656 0.69218241 0.734375 0.67752443 0.72851562 0.66775244 0.70214844 0.65960912 0.68847656 0.66449511 0.68847656 0.67100977
2 0.71484375 0.77850163 0.72753906 0.7980456 0.72851562 0.80781759 0.72070312 0.82410423 0.703125 0.82736156 0.74414062 0.82736156 0.74804688 0.70846906 0.73144531 0.70358306 0.68945312 0.70846906 0.71582031 0.73289902 0.71484375 0.77850163
6 0.26855469 0.85667752 0.27148438 0.85504886 0.27148438 0.83550489 0.29101562 0.82899023 0.69921875 0.82736156 0.73339844 0.83061889 0.73730469 0.83387622 0.73828125 0.84527687 0.74121094 0.82899023 0.74511719 0.82736156 0.74707031 0.71009772 0.73339844 0.70521173 0.72851562 0.69055375 0.72265625 0.68892508 0.72363281 0.70521173 0.71875 0.70846906 0.70117188 0.70521173 0.66503906 0.71172638 0.65332031 0.70684039 0.61425781 0.70846906 0.59765625 0.6970684 0.59472656 0.68566775 0.59472656 0.59771987 0.61035156 0.59446254 0.60742188 0.58957655 0.60839844 0.57003257 0.58105469 0.5732899 0.57226562 0.58143322 0.41015625 0.58306189 0.40429688 0.57491857 0.32128906 0.58306189 0.26074219 0.68078176 0.25976562 0.80618893 0.26855469 0.85667752
1 0.26171875 0.82736156 0.27441406 0.83061889 0.734375 0.83061889 0.74511719 0.8257329 0.74414062 0.8029316 0.7265625 0.79315961 0.71972656 0.78175896 0.29101562 0.78175896 0.26757812 0.80618893 0.26171875 0.81596091 0.26171875 0.82736156
3 0.7421875 0.83387622 0.73730469 0.83224756 0.73828125 0.86970684 0.7421875 0.83387622
3 0.30371094 0.86156352 0.30371094 0.84201954 0.29980469 0.83876221 0.29785156 0.85830619 0.30371094 0.86156352
3 0.27148438 0.8713355 0.27246094 0.83713355 0.26855469 0.83387622 0.26757812 0.86482085 0.27148438 0.8713355
