5 0.11261731 0.53692441 0.11887383 0.53866203 0.26798749 0.5534318 0.76746611 0.56993918 0.77789364 0.56472632 0.78623566 0.54648132 0.7831074 0.50130321 0.71115746 0.47176368 0.24817518 0.45091225 0.12304484 0.46741964 0.09906152 0.47697654 0.10010428 0.51172893 0.11261731 0.53692441
0 0.25130344 0.35447437 0.24191867 0.38662033 0.19395203 0.39183319 0.11574557 0.39357081 0.11470282 0.40052129 0.12513034 0.42137272 0.13764338 0.46220678 0.14285714 0.46481321 0.15328467 0.4639444 0.17518248 0.45786273 0.23044838 0.44917463 0.26903024 0.44830582 0.38164755 0.45786273 0.46923879 0.45786273 0.57977059 0.46481321 0.59854015 0.46828844 0.63399374 0.46655083 0.72992701 0.47089487 0.73201251 0.49695917 0.75078206 0.49782798 0.77893639 0.48913988 0.78206465 0.48045178 0.7831074 0.45091225 0.79040667 0.44222415 0.82064651 0.43527368 0.83733055 0.43527368 0.88633994 0.4283232 0.89259645 0.39791486 0.89259645 0.37098175 0.88216893 0.36055604 0.87486966 0.35794961 0.69864442 0.3570808 0.57038582 0.35186794 0.43378519 0.35099913 0.30031283 0.34665508 0.29440355 0.34665508 0.25651721 0.3483927 0.25130344 0.35447437
2 0.79144943 0.44396177 0.78727842 0.44830582 0.78415016 0.49261512 0.78727842 0.53518679 0.78206465 0.59165943 0.78415016 0.5986099 0.81438999 0.60121633 0.91657977 0.56733275 0.92075078 0.44569939 0.91866528 0.43614248 0.91345151 0.43179844 0.90093848 0.43006082 0.89363921 0.43006082 0.80500521 0.43961772 0.79144943 0.44396177
4 0.08029197 0.42658558 0.08133472 0.53953084 0.08237748 0.54735013 0.08863399 0.54995656 0.10948905 0.54821894 0.10740355 0.52215465 0.09906152 0.51086012 0.09801877 0.4821894 0.11261731 0.46915725 0.13660063 0.46655083 0.12200209 0.41789748 0.11887383 0.41529105 0.10948905 0.41529105 0.10740355 0.41529105 0.08550574 0.4196351 0.08029197 0.42658558
3 0.26903024 0.57775847 0.27737226 0.57775847 0.27841502 0.56385752 0.2721585 0.56298871 0.26903024 0.56298871 0.26694473 0.57515204 0.26903024 0.57775847
3 0.5286757 0.5986099 0.53701773 0.5986099 0.53597497 0.58210252 0.52763295 0.58210252 0.5265902 0.59600348 0.5286757 0.5986099
3 0.83837331 0.61946134 0.84880083 0.61946134 0.84775808 0.59252824 0.84150156 0.59252824 0.8362878 0.59687228 0.83837331 0.61946134
3 0.1438999 0.5986099 0.15432742 0.60121633 0.15745568 0.5986099 0.15745568 0.56298871 0.15641293 0.55430061 0.15119917 0.55256299 0.14807091 0.55256299 0.1438999 0.55430061 0.1438999 0.5986099
3 0.76016684 0.65247611 0.7632951 0.64900087 0.7632951 0.61685491 0.76225235 0.60208514 0.75912409 0.59947871 0.74973931 0.59947871 0.74973931 0.64986968 0.76016684 0.65247611
6 0 0.99913119 0.99895725 0.99913119 0.99895725 0 0.9937268 0 0 0 0 0.99913119
