6 0.35546875 0.76547231 0.37792969 0.85179153 0.41699219 0.9495114 0.734375 0.95114007 0.77441406 0.83387622 0.79199219 0.75570033 0.78613281 0.64006515 0.7578125 0.60423453 0.61230469 0.60586319 0.43847656 0.65309446 0.40917969 0.66612378 0.39355469 0.68241042 0.35546875 0.75081433 0.35546875 0.76547231
0 0.41503906 0.70521173 0.42773438 0.71986971 0.44238281 0.72312704 0.47460938 0.79478827 0.50097656 0.80781759 0.59570312 0.7980456 0.64160156 0.80944625 0.69238281 0.79478827 0.72851562 0.7980456 0.75488281 0.80781759 0.76171875 0.80130293 0.77832031 0.75570033 0.78710938 0.74592834 0.79296875 0.72312704 0.78125 0.71335505 0.76367188 0.72149837 0.734375 0.72312704 0.68457031 0.66938111 0.671875 0.67915309 0.65332031 0.67589577 0.65136719 0.66775244 0.6171875 0.66775244 0.61425781 0.67915309 0.60351562 0.68403909 0.59765625 0.67589577 0.59472656 0.6514658 0.5234375 0.65309446 0.51171875 0.66775244 0.49023438 0.64983713 0.45703125 0.64983713 0.41796875 0.66123779 0.40332031 0.67100977 0.39160156 0.68729642 0.39160156 0.70684039 0.41503906 0.70521173
5 0.65136719 0.84039088 0.70214844 0.83224756 0.74121094 0.84039088 0.75878906 0.83061889 0.75488281 0.81433225 0.734375 0.8029316 0.66015625 0.8029316 0.63964844 0.81433225 0.63964844 0.83713355 0.65136719 0.84039088
5 0.39453125 0.83876221 0.49121094 0.83876221 0.50585938 0.83387622 0.54980469 0.83876221 0.55859375 0.83224756 0.5703125 0.83876221 0.61914062 0.83876221 0.63476562 0.83387622 0.63476562 0.81921824 0.62695312 0.80944625 0.59570312 0.79967427 0.53222656 0.8029316 0.51464844 0.80781759 0.51074219 0.81596091 0.484375 0.80130293 0.44238281 0.79967427 0.40039062 0.80618893 0.38867188 0.81758958 0.38867188 0.83224756 0.39453125 0.83876221
1 0.37792969 0.83224756 0.37792969 0.8485342 0.38964844 0.87296417 0.40429688 0.88273616 0.41796875 0.87459283 0.43066406 0.88436482 0.71875 0.88273616 0.72949219 0.87296417 0.74511719 0.87947883 0.7578125 0.8713355 0.7578125 0.85830619 0.75390625 0.8534202 0.75683594 0.84201954 0.76171875 0.84527687 0.75878906 0.83876221 0.75292969 0.84364821 0.73339844 0.83876221 0.66894531 0.84201954 0.50878906 0.83550489 0.42089844 0.84201954 0.39550781 0.84039088 0.38867188 0.83550489 0.38378906 0.82247557 0.37988281 0.82899023 0.37597656 0.82410423 0.37304688 0.82736156 0.37792969 0.83224756
3 0.41796875 0.95114007 0.41796875 0.94136808 0.42871094 0.92833876 0.42871094 0.88599349 0.4140625 0.87296417 0.41308594 0.9495114 0.41796875 0.95114007
3 0.71679688 0.92996743 0.72851562 0.93811075 0.72949219 0.95114007 0.73339844 0.95276873 0.73632812 0.9495114 0.73632812 0.87785016 0.73046875 0.87296417 0.72460938 0.88599349 0.71875 0.88436482 0.71582031 0.88925081 0.71679688 0.92996743
2 0.75292969 0.87459283 0.76367188 0.86156352 0.76269531 0.85179153 0.76855469 0.8534202 0.77539062 0.83224756 0.79101562 0.76547231 0.79199219 0.74429967 0.78710938 0.74429967 0.77929688 0.75732899 0.75976562 0.81107492 0.76171875 0.84527687 0.75292969 0.87459283
4 0.37890625 0.75732899 0.38574219 0.75732899 0.39355469 0.77198697 0.40136719 0.77035831 0.40332031 0.78175896 0.40917969 0.78501629 0.38964844 0.73452769 0.3828125 0.74104235 0.38476562 0.752443 0.37890625 0.75732899
4 0.37304688 0.83224756 0.3828125 0.84039088 0.38964844 0.80618893 0.39411272 0.80432759 0.38574219 0.79967427 0.37890625 0.78338762 0.37988281 0.76547231 0.36328125 0.73941368 0.359375 0.73941368 0.35546875 0.74104235 0.35839844 0.77850163 0.36328125 0.78664495 0.37304688 0.83224756
