6 0.15820312 0.93997072 0.16796875 0.94582723 0.91308594 0.94875549 0.94824219 0.9443631 0.95605469 0.92825769 0.953125 0.86969253 0.95703125 0.86676428 0.96191406 0.84333821 0.95800781 0.80087848 0.90429688 0.76427526 0.88378906 0.75841874 0.87207031 0.76281113 0.86230469 0.74377745 0.88964844 0.69985359 0.88671875 0.69253294 0.890625 0.67203514 0.8984375 0.66471449 0.88769531 0.64128843 0.890625 0.6295754 0.88378906 0.62811127 0.87890625 0.63396779 0.8671875 0.61346999 0.65332031 0.61054173 0.6015625 0.61639824 0.59960938 0.61200586 0.58789062 0.6193265 0.56738281 0.62079063 0.46582031 0.62079063 0.45019531 0.63103953 0.43261719 0.62079063 0.34863281 0.6193265 0.33789062 0.62225476 0.33691406 0.6295754 0.23828125 0.62371889 0.23144531 0.6193265 0.21972656 0.59443631 0.20507812 0.59443631 0.18945312 0.60029283 0.16210938 0.62664714 0.15429688 0.65739385 0.15429688 0.91800878 0.15820312 0.93997072
5 0.22167969 0.8477306 0.22363281 0.86676428 0.24707031 0.87408492 0.30371094 0.87262079 0.30957031 0.86237189 0.30371094 0.82284041 0.30761719 0.81698389 0.31933594 0.81112738 0.37597656 0.81259151 0.3828125 0.82869693 0.39648438 0.82869693 0.41699219 0.80527086 0.41210938 0.78038067 0.41699219 0.76281113 0.37695312 0.761347 0.265625 0.7715959 0.2578125 0.7818448 0.22753906 0.79355783 0.22167969 0.80673499 0.21679688 0.84480234 0.22167969 0.8477306
1 0.46875 0.94875549 0.47363281 0.95021962 0.91113281 0.95021962 0.94921875 0.9443631 0.95507812 0.9341142 0.95703125 0.91800878 0.95605469 0.89019034 0.94921875 0.87408492 0.70507812 0.87554905 0.66503906 0.8682284 0.47070312 0.87554905 0.47265625 0.89604685 0.46875 0.94875549
5 0.45019531 0.77452416 0.45019531 0.78916545 0.45703125 0.80234261 0.45800781 0.83162518 0.47460938 0.84919473 0.47167969 0.87115666 0.921875 0.87408492 0.95019531 0.86969253 0.95996094 0.85505124 0.95996094 0.81405564 0.95605469 0.79795022 0.89257812 0.761347 0.70507812 0.761347 0.66796875 0.76720351 0.65429688 0.77891654 0.63378906 0.76720351 0.60546875 0.76281113 0.4453125 0.761347 0.44433594 0.77013177 0.45019531 0.77452416
0 0.36523438 0.74524158 0.375 0.75988287 0.45507812 0.78770132 0.45605469 0.7715959 0.46549512 0.75841874 0.62402344 0.76281113 0.63671875 0.761347 0.64453125 0.73938507 0.640625 0.7057101 0.63574219 0.72035139 0.60546875 0.72181552 0.59667969 0.68897657 0.59667969 0.62811127 0.59179688 0.62079063 0.47363281 0.62079063 0.4609375 0.62225476 0.45117188 0.63103953 0.42382812 0.62079063 0.33886719 0.62225476 0.33691406 0.6295754 0.36523438 0.74524158
1 0.16699219 0.6954612 0.18652344 0.72474378 0.18945312 0.76720351 0.19335938 0.77452416 0.18261719 0.83162518 0.15332031 0.83455344 0.15332031 0.91508053 0.15820312 0.94143485 0.171875 0.94875549 0.31152344 0.95021962 0.30664062 0.87554905 0.31054688 0.85065886 0.30371094 0.84040996 0.30078125 0.84480234 0.296875 0.84040996 0.30566406 0.85065886 0.30371094 0.86383602 0.29492188 0.87554905 0.22265625 0.87115666 0.21582031 0.8477306 0.21777344 0.80966325 0.21289062 0.79795022 0.21484375 0.77891654 0.20800781 0.76281113 0.20605469 0.74377745 0.19726562 0.72913616 0.20019531 0.72327965 0.18359375 0.66764275 0.17773438 0.65446559 0.1640625 0.65153734 0.15820312 0.67789165 0.16015625 0.69253294 0.16699219 0.6954612
1 0.33691406 0.94875549 0.42871094 0.94875549 0.43945312 0.95900439 0.44335938 0.89604685 0.43847656 0.87701318 0.34765625 0.87847731 0.33789062 0.87994143 0.33105469 0.89165447 0.33203125 0.93557833 0.33691406 0.94875549
4 0.15332031 0.90483163 0.15722656 0.93997072 0.17089844 0.94729136 0.21289062 0.95021962 0.23632812 0.94289898 0.26464844 0.94875549 0.30859375 0.94582723 0.31152344 0.9341142 0.30371094 0.90190337 0.30371094 0.87554905 0.29589844 0.87554905 0.29394531 0.88140556 0.28417969 0.87847731 0.26953125 0.89165447 0.25878906 0.89165447 0.25488281 0.88579795 0.25292969 0.89019034 0.24316406 0.88872621 0.2265625 0.87408492 0.21875 0.8477306 0.21777344 0.82869693 0.21972656 0.80380673 0.22753906 0.78916545 0.21582031 0.77452416 0.17871094 0.65007321 0.17382812 0.63103953 0.17773438 0.61786237 0.16210938 0.62811127 0.15429688 0.64714495 0.15234375 0.81112738 0.15332031 0.90483163
6 0.34179688 0.94729136 0.41796875 0.94875549 0.43359375 0.94582723 0.44238281 0.93557833 0.44433594 0.89019034 0.44140625 0.87554905 0.34765625 0.87554905 0.33496094 0.87994143 0.33105469 0.89458272 0.33300781 0.93850659 0.34179688 0.94729136
2 0.87207031 0.7510981 0.87109375 0.761347 0.8984375 0.75695461 0.95605469 0.79355783 0.96289062 0.80527086 0.96484375 0.82869693 0.95703125 0.87262079 0.95898438 0.89604685 0.99902344 0.90043924 0.99902344 0.72474378 0.86523438 0.72913616 0.86230469 0.73352855 0.87207031 0.7510981
