0 0.32421875 0.62218371 0.33105469 0.62564991 0.35253906 0.62218371 0.37597656 0.62911612 0.39355469 0.62738302 0.39648438 0.63258232 0.40722656 0.62391681 0.41308594 0.62911612 0.45703125 0.62391681 0.58886719 0.62738302 0.59667969 0.62564991 0.59765625 0.60485269 0.6015625 0.59965338 0.63183594 0.59618718 0.68652344 0.59965338 0.68310547 0.6117851 0.68554688 0.6117851 0.71777344 0.62564991 0.72070312 0.6117851 0.72363281 0.62738302 0.73046875 0.62218371 0.7265625 0.60831889 0.72753906 0.58405546 0.72460938 0.58232236 0.71777344 0.59965338 0.71679688 0.58232236 0.70996094 0.57885615 0.70703125 0.53206239 0.67480469 0.5389948 0.61914062 0.5407279 0.56445312 0.53032929 0.56054688 0.5389948 0.5625 0.56672444 0.56542969 0.57019064 0.56347656 0.57885615 0.55957031 0.57365685 0.55371094 0.53032929 0.50683594 0.5407279 0.41894531 0.53379549 0.41210938 0.5389948 0.37792969 0.5355286 0.32714844 0.5407279 0.28613281 0.5355286 0.28125 0.55459272 0.27408887 0.55285962 0.27636719 0.53379549 0.26464844 0.53379549 0.26367188 0.55285962 0.28320312 0.55632582 0.30761719 0.58925477 0.32421875 0.62218371
5 0.62988281 0.70883882 0.64355469 0.70363951 0.65332031 0.70710572 0.65722656 0.70190641 0.66308594 0.70710572 0.68554688 0.70710572 0.69042969 0.694974 0.68457031 0.6932409 0.68847656 0.68630849 0.69335938 0.6897747 0.6953125 0.70710572 0.69433594 0.68804159 0.68554688 0.66031196 0.6875 0.65684575 0.69921875 0.66724437 0.70214844 0.6897747 0.75097656 0.68110919 0.75 0.66724437 0.7578125 0.66897747 0.75683594 0.68284229 0.76269531 0.68110919 0.75976562 0.67244367 0.76269531 0.66724437 0.74707031 0.66377816 0.74804688 0.64471404 0.73632812 0.64298094 0.73046875 0.63431542 0.71875 0.62911612 0.70800781 0.62911612 0.69921875 0.64124783 0.69824219 0.62911612 0.69628906 0.64471404 0.70214844 0.64471404 0.70507812 0.65337955 0.6953125 0.64991334 0.6953125 0.65857886 0.69140625 0.65337955 0.69335938 0.64471404 0.68847656 0.64124783 0.69085693 0.63561525 0.67578125 0.66377816 0.66308594 0.65857886 0.60546875 0.66551127 0.59765625 0.65857886 0.59667969 0.65337955 0.60058594 0.64991334 0.59765625 0.65164645 0.59863281 0.64298094 0.58691406 0.63604853 0.58398438 0.63604853 0.57421875 0.66031196 0.57421875 0.69670711 0.58105469 0.70883882 0.59472656 0.70883882 0.59863281 0.70017331 0.62988281 0.70883882
5 0.20898438 0.70710572 0.56640625 0.70710572 0.5703125 0.67937608 0.56933594 0.65684575 0.56542969 0.65164645 0.55859375 0.65164645 0.5390625 0.63431542 0.50976562 0.62738302 0.44433594 0.62911612 0.41503906 0.63778163 0.39257812 0.65164645 0.390625 0.64298094 0.37988281 0.63431542 0.30957031 0.62564991 0.27539062 0.63951473 0.24804688 0.63778163 0.20703125 0.66031196 0.20507812 0.70017331 0.20898438 0.70710572
4 0.19112695 0.74350087 0.19726562 0.72443674 0.19642871 0.74350087 0.20172949 0.74350087 0.20019531 0.73310225 0.20703125 0.74350087 0.19921875 0.73136915 0.20214844 0.6932409 0.20019531 0.66724437 0.20800781 0.65164645 0.21386719 0.64991334 0.21289062 0.64644714 0.17871094 0.59618718 0.14355469 0.59445407 0.1328125 0.60311958 0.1328125 0.74350087 0.19112695 0.74350087
2 0.70800781 0.64298094 0.70703125 0.66377816 0.703125 0.66204506 0.69628906 0.67764298 0.70507812 0.66377816 0.70605469 0.68110919 0.72753906 0.67937608 0.73339844 0.68630849 0.74316406 0.67937608 0.765625 0.68284229 0.77050781 0.70710572 0.79882812 0.70537262 0.79785156 0.66724437 0.79199219 0.65857886 0.72363281 0.62911612 0.70996094 0.62738302 0.70214844 0.63951473 0.70605469 0.63778163 0.70800781 0.64298094
1 0.14746094 0.74176776 0.14648438 0.74696707 0.15039062 0.73830156 0.15234375 0.74696707 0.15625 0.73656846 0.16113281 0.73656846 0.16015625 0.74523397 0.16503906 0.74523397 0.16699219 0.73483536 0.17089844 0.73656846 0.1700332 0.74523397 0.17502832 0.74523397 0.17675781 0.73656846 0.18261719 0.73656846 0.18002246 0.74523397 0.1850166 0.74523397 0.18945312 0.73483536 0.19335938 0.73483536 0.19001074 0.74523397 0.58007812 0.74523397 0.578125 0.75563258 0.58398438 0.74870017 0.60742188 0.74350087 0.79492188 0.74523397 0.80078125 0.73310225 0.80078125 0.71577123 0.79296875 0.70710572 0.75488281 0.71403813 0.7265625 0.70883882 0.69238281 0.71230503 0.68359375 0.70883882 0.68164062 0.69844021 0.67871094 0.70883882 0.671875 0.71230503 0.61523438 0.71230503 0.61035156 0.70710572 0.25488281 0.70883882 0.20410156 0.71057192 0.19433594 0.72790295 0.140625 0.73830156 0.13964844 0.74176776 0.14746094 0.74176776
3 0.79589844 0.7712305 0.79296875 0.74696707 0.79296875 0.77989601 0.79589844 0.7712305
3 0.13964844 0.78336222 0.14257812 0.7660312 0.15071582 0.75043328 0.16503906 0.74696707 0.14394531 0.74696707 0.14257812 0.75389948 0.13867188 0.74696707 0.13671875 0.78162912 0.13964844 0.78336222
3 0.56933594 0.75389948 0.57128906 0.77989601 0.58105469 0.77816291 0.58203125 0.75563258 0.60351562 0.74870017 0.6015625 0.74350087 0.58398438 0.74350087 0.58203125 0.75389948 0.5703125 0.76256499 0.57519531 0.74350087 0.56835938 0.74523397 0.56835938 0.75216638 0.56347656 0.74523397 0.56054688 0.75043328 0.55859375 0.74523397 0.5546875 0.75043328 0.55371094 0.74523397 0.54882812 0.74523397 0.54882812 0.75043328 0.56933594 0.75389948
6 0.30664062 0.00693241 0.30273438 0.01559792 0.30664062 0.03639515 0.29785156 0.03292894 0.30078125 0.02079723 0.29785156 0.01906412 0.296875 0.00519931 0.2890625 0.01039861 0.2890625 0.00519931 0.265625 0 0 0 0 0.08492201 0.0078125 0.09185442 0.02148438 0.09185442 0.02148438 0.10571924 0.00976562 0.10918544 0.0078125 0.10398614 0.00683594 0.11091854 0 0.11091854 0 0.9982669 0.99902344 0.9982669 0.99902344 0 0.32324219 0.0034662 0.30664062 0.00693241
